CodigoNacional;momento;Ts_Valor
410005;01-01-2015 00:00:00;10.6
410005;01-01-2015 01:00:00;8.9
410005;01-01-2015 02:00:00;8.9
410005;01-01-2015 03:00:00;8.2
410005;01-01-2015 04:00:00;6.5
410005;01-01-2015 05:00:00;7.0
410005;01-01-2015 06:00:00;6.6
410005;01-01-2015 07:00:00;4.3
410005;01-01-2015 08:00:00;3.4
410005;01-01-2015 09:00:00;3.6
410005;01-01-2015 10:00:00;3.3
410005;01-01-2015 11:00:00;7.3
410005;01-01-2015 12:00:00;9.7
410005;01-01-2015 13:00:00;11.7
410005;01-01-2015 14:00:00;12.9
410005;01-01-2015 15:00:00;13.2
410005;01-01-2015 16:00:00;14.2
410005;01-01-2015 17:00:00;14.9
410005;01-01-2015 18:00:00;15.9
410005;01-01-2015 19:00:00;16.2
410005;01-01-2015 20:00:00;16.1
410005;01-01-2015 21:00:00;15.9
410005;01-01-2015 22:00:00;15.3
410005;01-01-2015 23:00:00;15.4
410005;02-01-2015 00:00:00;13.6
410005;02-01-2015 01:00:00;11.3
410005;02-01-2015 02:00:00;10.0
410005;02-01-2015 03:00:00;10.6
410005;02-01-2015 04:00:00;9.5
410005;02-01-2015 05:00:00;9.5
410005;02-01-2015 06:00:00;9.1
410005;02-01-2015 07:00:00;9.2
410005;02-01-2015 08:00:00;8.4
410005;02-01-2015 09:00:00;7.1
410005;02-01-2015 10:00:00;7.1
410005;02-01-2015 11:00:00;7.6
410005;02-01-2015 12:00:00;11.7
410005;02-01-2015 13:00:00;12.7
410005;02-01-2015 14:00:00;14.2
410005;02-01-2015 15:00:00;15.4
410005;02-01-2015 16:00:00;16.4
410005;02-01-2015 17:00:00;17.3
410005;02-01-2015 18:00:00;17.7
410005;02-01-2015 19:00:00;17.6
410005;02-01-2015 20:00:00;18.4
410005;02-01-2015 21:00:00;18.3
410005;02-01-2015 22:00:00;17.6
410005;02-01-2015 23:00:00;17.2
410005;03-01-2015 00:00:00;15.5
410005;03-01-2015 01:00:00;13.5
410005;03-01-2015 02:00:00;12.6
410005;03-01-2015 03:00:00;11.1
410005;03-01-2015 04:00:00;9.7
410005;03-01-2015 05:00:00;9.7
410005;03-01-2015 06:00:00;9.4
410005;03-01-2015 07:00:00;9.5
410005;03-01-2015 08:00:00;8.3
410005;03-01-2015 09:00:00;7.1
410005;03-01-2015 10:00:00;7.4
410005;03-01-2015 11:00:00;8.9
410005;03-01-2015 12:00:00;11.6
410005;03-01-2015 13:00:00;13.1
410005;03-01-2015 14:00:00;14.8
410005;03-01-2015 15:00:00;15.7
410005;03-01-2015 16:00:00;18.0
410005;03-01-2015 17:00:00;17.6
410005;03-01-2015 18:00:00;18.2
410005;03-01-2015 19:00:00;19.7
410005;03-01-2015 20:00:00;19.6
410005;03-01-2015 21:00:00;19.4
410005;03-01-2015 22:00:00;19.8
410005;03-01-2015 23:00:00;19.5
410005;04-01-2015 00:00:00;17.6
410005;04-01-2015 01:00:00;15.5
410005;04-01-2015 02:00:00;13.8
410005;04-01-2015 03:00:00;12.8
410005;04-01-2015 04:00:00;11.9
410005;04-01-2015 05:00:00;11.0
410005;04-01-2015 06:00:00;10.5
410005;04-01-2015 07:00:00;9.7
410005;04-01-2015 08:00:00;9.8
410005;04-01-2015 09:00:00;9.4
410005;04-01-2015 10:00:00;10.0
410005;04-01-2015 11:00:00;11.0
410005;04-01-2015 12:00:00;13.0
410005;04-01-2015 13:00:00;16.7
410005;04-01-2015 14:00:00;18.3
410005;04-01-2015 15:00:00;19.3
410005;04-01-2015 16:00:00;20.4
410005;04-01-2015 17:00:00;20.9
410005;04-01-2015 18:00:00;21.6
410005;04-01-2015 19:00:00;22.4
410005;04-01-2015 20:00:00;22.0
410005;04-01-2015 21:00:00;22.8
410005;04-01-2015 22:00:00;21.4
410005;04-01-2015 23:00:00;18.9
410005;05-01-2015 00:00:00;16.1
410005;05-01-2015 01:00:00;14.5
410005;05-01-2015 02:00:00;14.6
410005;05-01-2015 03:00:00;14.0
410005;05-01-2015 04:00:00;14.0
410005;05-01-2015 05:00:00;14.0
410005;05-01-2015 06:00:00;13.6
410005;05-01-2015 07:00:00;13.6
410005;05-01-2015 08:00:00;13.6
410005;05-01-2015 09:00:00;13.6
410005;05-01-2015 10:00:00;13.6
410005;05-01-2015 11:00:00;13.6
410005;05-01-2015 12:00:00;13.1
410005;05-01-2015 13:00:00;13.6
410005;05-01-2015 14:00:00;14.3
410005;05-01-2015 15:00:00;15.2
410005;05-01-2015 16:00:00;15.8
410005;05-01-2015 17:00:00;15.9
410005;05-01-2015 18:00:00;16.6
410005;05-01-2015 19:00:00;16.4
410005;05-01-2015 20:00:00;17.0
410005;05-01-2015 21:00:00;17.0
410005;05-01-2015 22:00:00;16.6
410005;05-01-2015 23:00:00;14.9
410005;06-01-2015 00:00:00;13.6
410005;06-01-2015 01:00:00;11.8
410005;06-01-2015 02:00:00;10.4
410005;06-01-2015 03:00:00;9.4
410005;06-01-2015 04:00:00;8.9
410005;06-01-2015 05:00:00;8.8
410005;06-01-2015 06:00:00;8.7
410005;06-01-2015 07:00:00;9.2
410005;06-01-2015 08:00:00;8.8
410005;06-01-2015 09:00:00;8.6
410005;06-01-2015 10:00:00;9.0
410005;06-01-2015 11:00:00;9.6
410005;06-01-2015 12:00:00;11.9
410005;06-01-2015 13:00:00;13.6
410005;06-01-2015 14:00:00;14.4
410005;06-01-2015 15:00:00;14.5
410005;06-01-2015 16:00:00;15.1
410005;06-01-2015 17:00:00;15.8
410005;06-01-2015 18:00:00;15.7
410005;06-01-2015 19:00:00;16.3
410005;06-01-2015 20:00:00;17.1
410005;06-01-2015 21:00:00;16.0
410005;06-01-2015 22:00:00;16.2
410005;06-01-2015 23:00:00;15.6
410005;07-01-2015 00:00:00;14.6
410005;07-01-2015 01:00:00;12.9
410005;07-01-2015 02:00:00;11.8
410005;07-01-2015 03:00:00;11.3
410005;07-01-2015 04:00:00;9.6
410005;07-01-2015 05:00:00;9.7
410005;07-01-2015 06:00:00;9.7
410005;07-01-2015 07:00:00;9.4
410005;07-01-2015 08:00:00;9.1
410005;07-01-2015 09:00:00;8.8
410005;07-01-2015 10:00:00;7.1
410005;07-01-2015 11:00:00;10.6
410005;07-01-2015 12:00:00;12.1
410005;07-01-2015 13:00:00;14.3
410005;07-01-2015 14:00:00;15.1
410005;07-01-2015 15:00:00;14.9
410005;07-01-2015 16:00:00;15.7
410005;07-01-2015 17:00:00;16.8
410005;07-01-2015 18:00:00;17.0
410005;07-01-2015 19:00:00;16.9
410005;07-01-2015 20:00:00;16.9
410005;07-01-2015 21:00:00;17.1
410005;07-01-2015 22:00:00;16.5
410005;07-01-2015 23:00:00;15.8
410005;08-01-2015 00:00:00;14.0
410005;08-01-2015 01:00:00;11.5
410005;08-01-2015 02:00:00;10.5
410005;08-01-2015 03:00:00;9.7
410005;08-01-2015 04:00:00;9.7
410005;08-01-2015 05:00:00;9.4
410005;08-01-2015 06:00:00;9.0
410005;08-01-2015 07:00:00;8.3
410005;08-01-2015 08:00:00;8.5
410005;08-01-2015 09:00:00;7.4
410005;08-01-2015 10:00:00;5.9
410005;08-01-2015 11:00:00;7.4
410005;08-01-2015 12:00:00;10.8
410005;08-01-2015 13:00:00;13.9
410005;08-01-2015 14:00:00;15.4
410005;08-01-2015 15:00:00;16.3
410005;08-01-2015 16:00:00;17.9
410005;08-01-2015 17:00:00;19.1
410005;08-01-2015 18:00:00;19.0
410005;08-01-2015 19:00:00;20.2
410005;08-01-2015 20:00:00;20.4
410005;08-01-2015 21:00:00;17.3
410005;08-01-2015 22:00:00;16.3
410005;08-01-2015 23:00:00;15.2
410005;09-01-2015 00:00:00;14.7
410005;09-01-2015 01:00:00;14.8
410005;09-01-2015 02:00:00;14.9
410005;09-01-2015 03:00:00;14.3
410005;09-01-2015 04:00:00;13.5
410005;09-01-2015 05:00:00;13.3
410005;09-01-2015 06:00:00;12.6
410005;09-01-2015 07:00:00;12.5
410005;09-01-2015 08:00:00;12.6
410005;09-01-2015 09:00:00;12.6
410005;09-01-2015 10:00:00;12.5
410005;09-01-2015 11:00:00;12.3
410005;09-01-2015 12:00:00;12.9
410005;09-01-2015 13:00:00;13.3
410005;09-01-2015 14:00:00;14.1
410005;09-01-2015 15:00:00;15.2
410005;09-01-2015 16:00:00;16.7
410005;09-01-2015 17:00:00;17.3
410005;09-01-2015 18:00:00;18.2
410005;09-01-2015 19:00:00;18.8
410005;09-01-2015 20:00:00;18.8
410005;09-01-2015 21:00:00;18.7
410005;09-01-2015 22:00:00;17.3
410005;09-01-2015 23:00:00;16.5
410005;10-01-2015 00:00:00;15.7
410005;10-01-2015 01:00:00;13.4
410005;10-01-2015 02:00:00;12.0
410005;10-01-2015 03:00:00;11.4
410005;10-01-2015 04:00:00;11.0
410005;10-01-2015 05:00:00;11.1
410005;10-01-2015 06:00:00;11.3
410005;10-01-2015 07:00:00;11.5
410005;10-01-2015 08:00:00;11.7
410005;10-01-2015 09:00:00;11.6
410005;10-01-2015 10:00:00;11.3
410005;10-01-2015 11:00:00;12.0
410005;10-01-2015 12:00:00;12.8
410005;10-01-2015 13:00:00;13.5
410005;10-01-2015 14:00:00;15.2
410005;10-01-2015 15:00:00;16.1
410005;10-01-2015 16:00:00;17.0
410005;10-01-2015 17:00:00;17.2
410005;10-01-2015 18:00:00;17.5
410005;10-01-2015 19:00:00;17.3
410005;10-01-2015 20:00:00;16.7
410005;10-01-2015 21:00:00;16.9
410005;10-01-2015 22:00:00;17.4
410005;10-01-2015 23:00:00;16.1
410005;11-01-2015 00:00:00;14.3
410005;11-01-2015 01:00:00;12.6
410005;11-01-2015 02:00:00;11.4
410005;11-01-2015 03:00:00;10.3
410005;11-01-2015 04:00:00;9.7
410005;11-01-2015 05:00:00;9.9
410005;11-01-2015 06:00:00;9.7
410005;11-01-2015 07:00:00;8.6
410005;11-01-2015 08:00:00;7.0
410005;11-01-2015 09:00:00;5.9
410005;11-01-2015 10:00:00;6.8
410005;11-01-2015 11:00:00;7.8
410005;11-01-2015 12:00:00;11.1
410005;11-01-2015 13:00:00;13.4
410005;11-01-2015 14:00:00;13.7
410005;11-01-2015 15:00:00;14.7
410005;11-01-2015 16:00:00;15.5
410005;11-01-2015 17:00:00;16.7
410005;11-01-2015 18:00:00;16.7
410005;11-01-2015 19:00:00;16.2
410005;11-01-2015 20:00:00;17.0
410005;11-01-2015 21:00:00;16.9
410005;11-01-2015 22:00:00;16.6
410005;11-01-2015 23:00:00;15.3
410005;12-01-2015 00:00:00;14.5
410005;12-01-2015 01:00:00;13.8
410005;12-01-2015 02:00:00;12.3
410005;12-01-2015 03:00:00;11.9
410005;12-01-2015 04:00:00;11.3
410005;12-01-2015 05:00:00;10.2
410005;12-01-2015 06:00:00;9.8
410005;12-01-2015 07:00:00;10.2
410005;12-01-2015 08:00:00;10.2
410005;12-01-2015 09:00:00;10.5
410005;12-01-2015 10:00:00;10.6
410005;12-01-2015 11:00:00;11.1
410005;12-01-2015 12:00:00;12.6
410005;12-01-2015 13:00:00;13.8
410005;12-01-2015 14:00:00;14.9
410005;12-01-2015 15:00:00;13.8
410005;12-01-2015 16:00:00;14.3
410005;12-01-2015 17:00:00;16.4
410005;12-01-2015 18:00:00;14.6
410005;12-01-2015 19:00:00;15.0
410005;12-01-2015 20:00:00;17.5
410005;12-01-2015 21:00:00;16.3
410005;12-01-2015 22:00:00;15.9
410005;12-01-2015 23:00:00;16.3
410005;13-01-2015 00:00:00;14.8
410005;13-01-2015 01:00:00;12.9
410005;13-01-2015 02:00:00;12.0
410005;13-01-2015 03:00:00;11.4
410005;13-01-2015 04:00:00;11.0
410005;13-01-2015 05:00:00;11.8
410005;13-01-2015 06:00:00;11.5
410005;13-01-2015 07:00:00;11.5
410005;13-01-2015 08:00:00;11.5
410005;13-01-2015 09:00:00;11.6
410005;13-01-2015 10:00:00;11.8
410005;13-01-2015 11:00:00;12.1
410005;13-01-2015 12:00:00;12.6
410005;13-01-2015 13:00:00;13.9
410005;13-01-2015 14:00:00;14.0
410005;13-01-2015 15:00:00;14.5
410005;13-01-2015 16:00:00;15.0
410005;13-01-2015 17:00:00;14.9
410005;13-01-2015 18:00:00;16.3
410005;13-01-2015 19:00:00;15.2
410005;13-01-2015 20:00:00;15.7
410005;13-01-2015 21:00:00;17.6
410005;13-01-2015 22:00:00;17.5
410005;13-01-2015 23:00:00;15.5
410005;14-01-2015 00:00:00;14.2
410005;14-01-2015 01:00:00;12.5
410005;14-01-2015 02:00:00;12.5
410005;14-01-2015 03:00:00;12.4
410005;14-01-2015 04:00:00;12.2
410005;14-01-2015 05:00:00;11.1
410005;14-01-2015 06:00:00;9.8
410005;14-01-2015 07:00:00;10.0
410005;14-01-2015 08:00:00;9.7
410005;14-01-2015 09:00:00;8.7
410005;14-01-2015 10:00:00;8.5
410005;14-01-2015 11:00:00;9.6
410005;14-01-2015 12:00:00;11.7
410005;14-01-2015 13:00:00;13.1
410005;14-01-2015 14:00:00;13.2
410005;14-01-2015 15:00:00;14.2
410005;14-01-2015 16:00:00;15.4
410005;14-01-2015 17:00:00;15.9
410005;14-01-2015 18:00:00;16.5
410005;14-01-2015 19:00:00;17.7
410005;14-01-2015 20:00:00;18.0
410005;14-01-2015 21:00:00;17.7
410005;14-01-2015 22:00:00;17.8
410005;14-01-2015 23:00:00;16.7
410005;15-01-2015 00:00:00;15.1
410005;15-01-2015 01:00:00;12.8
410005;15-01-2015 02:00:00;11.2
410005;15-01-2015 03:00:00;10.1
410005;15-01-2015 04:00:00;9.2
410005;15-01-2015 05:00:00;9.8
410005;15-01-2015 06:00:00;9.9
410005;15-01-2015 07:00:00;8.6
410005;15-01-2015 08:00:00;7.1
410005;15-01-2015 09:00:00;7.0
410005;15-01-2015 10:00:00;7.3
410005;15-01-2015 11:00:00;8.0
410005;15-01-2015 12:00:00;9.3
410005;15-01-2015 13:00:00;14.3
410005;15-01-2015 14:00:00;16.3
410005;15-01-2015 15:00:00;16.3
410005;15-01-2015 16:00:00;17.4
410005;15-01-2015 17:00:00;19.4
410005;15-01-2015 18:00:00;19.7
410005;15-01-2015 19:00:00;20.7
410005;15-01-2015 20:00:00;21.4
410005;15-01-2015 21:00:00;21.3
410005;15-01-2015 22:00:00;21.0
410005;15-01-2015 23:00:00;19.2
410005;16-01-2015 00:00:00;18.4
410005;16-01-2015 01:00:00;15.8
410005;16-01-2015 02:00:00;13.7
410005;16-01-2015 03:00:00;12.7
410005;16-01-2015 04:00:00;12.2
410005;16-01-2015 05:00:00;12.1
410005;16-01-2015 06:00:00;12.6
410005;16-01-2015 07:00:00;12.5
410005;16-01-2015 08:00:00;12.5
410005;16-01-2015 09:00:00;12.6
410005;16-01-2015 10:00:00;13.0
410005;16-01-2015 11:00:00;13.1
410005;16-01-2015 12:00:00;13.3
410005;16-01-2015 13:00:00;14.3
410005;16-01-2015 14:00:00;15.2
410005;16-01-2015 15:00:00;15.7
410005;16-01-2015 16:00:00;16.4
410005;16-01-2015 17:00:00;17.3
410005;16-01-2015 18:00:00;19.0
410005;16-01-2015 19:00:00;19.8
410005;16-01-2015 20:00:00;20.0
410005;16-01-2015 21:00:00;19.3
410005;16-01-2015 22:00:00;18.5
410005;16-01-2015 23:00:00;17.2
410005;17-01-2015 00:00:00;16.4
410005;17-01-2015 01:00:00;15.8
410005;17-01-2015 02:00:00;15.4
410005;17-01-2015 03:00:00;15.3
410005;17-01-2015 04:00:00;15.0
410005;17-01-2015 05:00:00;14.8
410005;17-01-2015 06:00:00;14.6
410005;17-01-2015 07:00:00;14.3
410005;17-01-2015 08:00:00;13.7
410005;17-01-2015 09:00:00;13.4
410005;17-01-2015 10:00:00;13.2
410005;17-01-2015 11:00:00;13.4
410005;17-01-2015 12:00:00;14.1
410005;17-01-2015 13:00:00;15.2
410005;17-01-2015 14:00:00;16.9
410005;17-01-2015 15:00:00;17.7
410005;17-01-2015 16:00:00;19.3
410005;17-01-2015 17:00:00;20.5
410005;17-01-2015 18:00:00;22.2
410005;17-01-2015 19:00:00;21.9
410005;17-01-2015 20:00:00;21.2
410005;17-01-2015 21:00:00;20.5
410005;17-01-2015 22:00:00;20.1
410005;17-01-2015 23:00:00;19.9
410005;18-01-2015 00:00:00;17.5
410005;18-01-2015 01:00:00;15.3
410005;18-01-2015 02:00:00;14.3
410005;18-01-2015 03:00:00;13.9
410005;18-01-2015 04:00:00;13.5
410005;18-01-2015 05:00:00;13.1
410005;18-01-2015 06:00:00;13.1
410005;18-01-2015 07:00:00;13.0
410005;18-01-2015 08:00:00;12.9
410005;18-01-2015 09:00:00;12.7
410005;18-01-2015 10:00:00;12.8
410005;18-01-2015 11:00:00;13.0
410005;18-01-2015 12:00:00;13.7
410005;18-01-2015 13:00:00;14.6
410005;18-01-2015 14:00:00;15.6
410005;18-01-2015 15:00:00;16.4
410005;18-01-2015 16:00:00;15.8
410005;18-01-2015 17:00:00;16.8
410005;18-01-2015 18:00:00;18.1
410005;18-01-2015 19:00:00;18.4
410005;18-01-2015 20:00:00;18.7
410005;18-01-2015 21:00:00;18.7
410005;18-01-2015 22:00:00;18.5
410005;18-01-2015 23:00:00;16.7
410005;19-01-2015 00:00:00;15.1
410005;19-01-2015 01:00:00;13.9
410005;19-01-2015 02:00:00;13.4
410005;19-01-2015 03:00:00;12.9
410005;19-01-2015 04:00:00;13.1
410005;19-01-2015 05:00:00;13.0
410005;19-01-2015 06:00:00;13.4
410005;19-01-2015 07:00:00;13.4
410005;19-01-2015 08:00:00;13.2
410005;19-01-2015 09:00:00;13.0
410005;19-01-2015 10:00:00;12.8
410005;19-01-2015 11:00:00;13.0
410005;19-01-2015 12:00:00;13.4
410005;19-01-2015 13:00:00;13.9
410005;19-01-2015 14:00:00;15.3
410005;19-01-2015 15:00:00;16.5
410005;19-01-2015 16:00:00;18.1
410005;19-01-2015 17:00:00;19.5
410005;19-01-2015 18:00:00;19.6
410005;19-01-2015 19:00:00;20.0
410005;19-01-2015 20:00:00;20.3
410005;19-01-2015 21:00:00;21.2
410005;19-01-2015 22:00:00;19.5
410005;19-01-2015 23:00:00;18.9
410005;20-01-2015 00:00:00;17.9
410005;20-01-2015 01:00:00;15.3
410005;20-01-2015 02:00:00;14.8
410005;20-01-2015 03:00:00;14.1
410005;20-01-2015 04:00:00;12.5
410005;20-01-2015 05:00:00;11.4
410005;20-01-2015 06:00:00;11.2
410005;20-01-2015 07:00:00;9.2
410005;20-01-2015 08:00:00;9.2
410005;20-01-2015 09:00:00;9.0
410005;20-01-2015 10:00:00;8.8
410005;20-01-2015 11:00:00;11.2
410005;20-01-2015 12:00:00;13.5
410005;20-01-2015 13:00:00;15.9
410005;20-01-2015 14:00:00;19.8
410005;20-01-2015 15:00:00;22.0
410005;20-01-2015 16:00:00;21.8
410005;20-01-2015 17:00:00;22.4
410005;20-01-2015 18:00:00;23.4
410005;20-01-2015 19:00:00;23.2
410005;20-01-2015 20:00:00;22.9
410005;20-01-2015 21:00:00;23.1
410005;20-01-2015 22:00:00;22.5
410005;20-01-2015 23:00:00;22.4
410005;21-01-2015 00:00:00;20.1
410005;21-01-2015 01:00:00;17.0
410005;21-01-2015 02:00:00;16.7
410005;21-01-2015 03:00:00;14.7
410005;21-01-2015 04:00:00;13.1
410005;21-01-2015 05:00:00;12.1
410005;21-01-2015 06:00:00;11.4
410005;21-01-2015 07:00:00;10.4
410005;21-01-2015 08:00:00;9.7
410005;21-01-2015 09:00:00;9.9
410005;21-01-2015 10:00:00;9.3
410005;21-01-2015 11:00:00;12.0
410005;21-01-2015 12:00:00;14.1
410005;21-01-2015 13:00:00;18.3
410005;21-01-2015 14:00:00;21.8
410005;21-01-2015 15:00:00;24.0
410005;21-01-2015 16:00:00;25.6
410005;21-01-2015 17:00:00;27.3
410005;21-01-2015 18:00:00;25.8
410005;21-01-2015 19:00:00;26.7
410005;21-01-2015 20:00:00;26.3
410005;21-01-2015 21:00:00;23.7
410005;21-01-2015 22:00:00;23.1
410005;21-01-2015 23:00:00;19.8
410005;22-01-2015 00:00:00;16.5
410005;22-01-2015 01:00:00;15.0
410005;22-01-2015 02:00:00;14.6
410005;22-01-2015 03:00:00;14.2
410005;22-01-2015 04:00:00;13.9
410005;22-01-2015 05:00:00;14.2
410005;22-01-2015 06:00:00;13.9
410005;22-01-2015 07:00:00;13.7
410005;22-01-2015 08:00:00;13.9
410005;22-01-2015 09:00:00;14.0
410005;22-01-2015 10:00:00;13.5
410005;22-01-2015 11:00:00;13.1
410005;22-01-2015 12:00:00;13.1
410005;22-01-2015 13:00:00;13.4
410005;22-01-2015 14:00:00;14.2
410005;22-01-2015 15:00:00;14.2
410005;22-01-2015 16:00:00;14.7
410005;22-01-2015 17:00:00;14.9
410005;22-01-2015 18:00:00;16.0
410005;22-01-2015 19:00:00;18.4
410005;22-01-2015 20:00:00;18.3
410005;22-01-2015 21:00:00;17.9
410005;22-01-2015 22:00:00;16.7
410005;22-01-2015 23:00:00;16.7
410005;23-01-2015 00:00:00;15.8
410005;23-01-2015 01:00:00;14.1
410005;23-01-2015 02:00:00;13.3
410005;23-01-2015 03:00:00;12.6
410005;23-01-2015 04:00:00;12.4
410005;23-01-2015 05:00:00;13.2
410005;23-01-2015 06:00:00;12.9
410005;23-01-2015 07:00:00;12.5
410005;23-01-2015 08:00:00;11.6
410005;23-01-2015 09:00:00;11.2
410005;23-01-2015 10:00:00;10.7
410005;23-01-2015 11:00:00;11.7
410005;23-01-2015 12:00:00;15.6
410005;23-01-2015 13:00:00;18.3
410005;23-01-2015 14:00:00;20.5
410005;23-01-2015 15:00:00;21.5
410005;23-01-2015 16:00:00;23.3
410005;23-01-2015 17:00:00;24.7
410005;23-01-2015 18:00:00;24.6
410005;23-01-2015 19:00:00;23.3
410005;23-01-2015 20:00:00;23.1
410005;23-01-2015 21:00:00;22.8
410005;23-01-2015 22:00:00;20.4
410005;23-01-2015 23:00:00;19.3
410005;24-01-2015 00:00:00;17.0
410005;24-01-2015 01:00:00;16.0
410005;24-01-2015 02:00:00;15.6
410005;24-01-2015 03:00:00;15.5
410005;24-01-2015 04:00:00;15.4
410005;24-01-2015 05:00:00;15.4
410005;24-01-2015 06:00:00;15.3
410005;24-01-2015 07:00:00;15.4
410005;24-01-2015 08:00:00;15.0
410005;24-01-2015 09:00:00;14.5
410005;24-01-2015 10:00:00;14.7
410005;24-01-2015 11:00:00;14.6
410005;24-01-2015 12:00:00;15.0
410005;24-01-2015 13:00:00;16.2
410005;24-01-2015 14:00:00;16.9
410005;24-01-2015 15:00:00;17.0
410005;24-01-2015 16:00:00;16.9
410005;24-01-2015 17:00:00;17.8
410005;24-01-2015 18:00:00;17.3
410005;24-01-2015 19:00:00;18.5
410005;24-01-2015 20:00:00;19.1
410005;24-01-2015 21:00:00;19.6
410005;24-01-2015 22:00:00;18.8
410005;24-01-2015 23:00:00;18.6
410005;25-01-2015 00:00:00;17.5
410005;25-01-2015 01:00:00;16.0
410005;25-01-2015 02:00:00;14.7
410005;25-01-2015 03:00:00;13.8
410005;25-01-2015 04:00:00;12.9
410005;25-01-2015 05:00:00;13.1
410005;25-01-2015 06:00:00;12.6
410005;25-01-2015 07:00:00;11.3
410005;25-01-2015 08:00:00;11.2
410005;25-01-2015 09:00:00;9.8
410005;25-01-2015 10:00:00;9.2
410005;25-01-2015 11:00:00;9.3
410005;25-01-2015 12:00:00;11.2
410005;25-01-2015 13:00:00;13.0
410005;25-01-2015 14:00:00;14.5
410005;25-01-2015 15:00:00;16.4
410005;25-01-2015 16:00:00;19.6
410005;25-01-2015 17:00:00;20.7
410005;25-01-2015 18:00:00;18.2
410005;25-01-2015 19:00:00;18.3
410005;25-01-2015 20:00:00;20.4
410005;25-01-2015 21:00:00;21.3
410005;25-01-2015 22:00:00;22.0
410005;25-01-2015 23:00:00;21.2
410005;26-01-2015 00:00:00;18.4
410005;26-01-2015 01:00:00;16.3
410005;26-01-2015 02:00:00;14.4
410005;26-01-2015 03:00:00;14.3
410005;26-01-2015 04:00:00;14.3
410005;26-01-2015 05:00:00;14.5
410005;26-01-2015 06:00:00;14.9
410005;26-01-2015 07:00:00;15.3
410005;26-01-2015 08:00:00;15.4
410005;26-01-2015 09:00:00;14.6
410005;26-01-2015 10:00:00;14.6
410005;26-01-2015 11:00:00;15.1
410005;26-01-2015 12:00:00;15.6
410005;26-01-2015 13:00:00;16.8
410005;26-01-2015 14:00:00;17.3
410005;26-01-2015 15:00:00;15.1
410005;26-01-2015 16:00:00;18.7
410005;26-01-2015 17:00:00;20.0
410005;26-01-2015 18:00:00;20.8
410005;26-01-2015 19:00:00;21.5
410005;26-01-2015 20:00:00;19.9
410005;26-01-2015 21:00:00;20.1
410005;26-01-2015 22:00:00;20.3
410005;26-01-2015 23:00:00;19.2
410005;27-01-2015 00:00:00;17.6
410005;27-01-2015 01:00:00;16.9
410005;27-01-2015 02:00:00;16.4
410005;27-01-2015 03:00:00;16.1
410005;27-01-2015 04:00:00;15.7
410005;27-01-2015 05:00:00;15.7
410005;27-01-2015 06:00:00;14.9
410005;27-01-2015 07:00:00;13.0
410005;27-01-2015 08:00:00;12.6
410005;27-01-2015 09:00:00;12.7
410005;27-01-2015 10:00:00;12.4
410005;27-01-2015 11:00:00;11.9
410005;27-01-2015 12:00:00;12.2
410005;27-01-2015 13:00:00;14.3
410005;27-01-2015 14:00:00;14.6
410005;27-01-2015 15:00:00;17.4
410005;27-01-2015 16:00:00;18.2
410005;27-01-2015 17:00:00;16.6
410005;27-01-2015 18:00:00;15.8
410005;27-01-2015 19:00:00;16.4
410005;27-01-2015 20:00:00;16.1
410005;27-01-2015 21:00:00;16.9
410005;27-01-2015 22:00:00;16.7
410005;27-01-2015 23:00:00;16.2
410005;28-01-2015 00:00:00;15.0
410005;28-01-2015 01:00:00;13.0
410005;28-01-2015 02:00:00;11.9
410005;28-01-2015 03:00:00;10.6
410005;28-01-2015 04:00:00;9.7
410005;28-01-2015 05:00:00;9.0
410005;28-01-2015 06:00:00;9.2
410005;28-01-2015 07:00:00;8.9
410005;28-01-2015 08:00:00;9.1
410005;28-01-2015 09:00:00;7.5
410005;28-01-2015 10:00:00;5.6
410005;28-01-2015 11:00:00;7.0
410005;28-01-2015 12:00:00;11.6
410005;28-01-2015 13:00:00;12.9
410005;28-01-2015 14:00:00;15.5
410005;28-01-2015 15:00:00;16.1
410005;28-01-2015 16:00:00;16.9
410005;28-01-2015 17:00:00;17.4
410005;28-01-2015 18:00:00;18.1
410005;28-01-2015 19:00:00;19.2
410005;28-01-2015 20:00:00;17.9
410005;28-01-2015 21:00:00;17.9
410005;28-01-2015 22:00:00;17.5
410005;28-01-2015 23:00:00;16.6
410005;29-01-2015 00:00:00;14.9
410005;29-01-2015 01:00:00;12.4
410005;29-01-2015 02:00:00;11.8
410005;29-01-2015 03:00:00;10.5
410005;29-01-2015 04:00:00;9.5
410005;29-01-2015 05:00:00;8.7
410005;29-01-2015 06:00:00;7.9
410005;29-01-2015 07:00:00;7.9
410005;29-01-2015 08:00:00;8.1
410005;29-01-2015 09:00:00;7.6
410005;29-01-2015 10:00:00;7.8
410005;29-01-2015 11:00:00;8.0
410005;29-01-2015 12:00:00;9.0
410005;29-01-2015 13:00:00;13.1
410005;29-01-2015 14:00:00;16.9
410005;29-01-2015 15:00:00;18.9
410005;29-01-2015 16:00:00;21.4
410005;29-01-2015 17:00:00;22.6
410005;29-01-2015 18:00:00;20.8
410005;29-01-2015 19:00:00;21.1
410005;29-01-2015 20:00:00;21.2
410005;29-01-2015 21:00:00;21.4
410005;29-01-2015 22:00:00;20.8
410005;29-01-2015 23:00:00;17.9
410005;30-01-2015 00:00:00;16.1
410005;30-01-2015 01:00:00;13.4
410005;30-01-2015 02:00:00;12.2
410005;30-01-2015 03:00:00;11.4
410005;30-01-2015 04:00:00;10.9
410005;30-01-2015 05:00:00;10.3
410005;30-01-2015 06:00:00;9.8
410005;30-01-2015 07:00:00;9.6
410005;30-01-2015 08:00:00;8.8
410005;30-01-2015 09:00:00;8.6
410005;30-01-2015 10:00:00;8.8
410005;30-01-2015 11:00:00;8.9
410005;30-01-2015 12:00:00;9.9
410005;30-01-2015 13:00:00;11.5
410005;30-01-2015 14:00:00;13.3
410005;30-01-2015 15:00:00;16.3
410005;30-01-2015 16:00:00;18.3
410005;30-01-2015 17:00:00;21.7
410005;30-01-2015 18:00:00;23.0
410005;30-01-2015 19:00:00;22.7
410005;30-01-2015 20:00:00;21.8
410005;30-01-2015 21:00:00;22.4
410005;30-01-2015 22:00:00;22.3
410005;30-01-2015 23:00:00;19.8
410005;31-01-2015 00:00:00;17.8
410005;31-01-2015 01:00:00;16.2
410005;31-01-2015 02:00:00;14.9
410005;31-01-2015 03:00:00;14.0
410005;31-01-2015 04:00:00;13.1
410005;31-01-2015 05:00:00;14.0
410005;31-01-2015 06:00:00;14.7
410005;31-01-2015 07:00:00;14.9
410005;31-01-2015 08:00:00;15.1
410005;31-01-2015 09:00:00;15.1
410005;31-01-2015 10:00:00;15.3
410005;31-01-2015 11:00:00;15.3
410005;31-01-2015 12:00:00;17.0
410005;31-01-2015 13:00:00;17.5
410005;31-01-2015 14:00:00;18.2
410005;31-01-2015 15:00:00;19.9
410005;31-01-2015 16:00:00;21.3
410005;31-01-2015 17:00:00;21.3
410005;31-01-2015 18:00:00;22.4
410005;31-01-2015 19:00:00;22.4
410005;31-01-2015 20:00:00;22.4
410005;31-01-2015 21:00:00;21.3
410005;31-01-2015 22:00:00;21.6
410005;31-01-2015 23:00:00;20.0
410005;01-02-2015 00:00:00;17.5
410005;01-02-2015 01:00:00;15.2
410005;01-02-2015 02:00:00;14.1
410005;01-02-2015 03:00:00;13.0
410005;01-02-2015 04:00:00;12.6
410005;01-02-2015 05:00:00;11.4
410005;01-02-2015 06:00:00;11.3
410005;01-02-2015 07:00:00;10.1
410005;01-02-2015 08:00:00;9.4
410005;01-02-2015 09:00:00;9.5
410005;01-02-2015 10:00:00;9.7
410005;01-02-2015 11:00:00;10.8
410005;01-02-2015 12:00:00;14.1
410005;01-02-2015 13:00:00;17.8
410005;01-02-2015 14:00:00;18.1
410005;01-02-2015 15:00:00;19.1
410005;01-02-2015 16:00:00;20.4
410005;01-02-2015 17:00:00;20.1
410005;01-02-2015 18:00:00;20.9
410005;01-02-2015 19:00:00;21.3
410005;01-02-2015 20:00:00;19.6
410005;01-02-2015 21:00:00;19.3
410005;01-02-2015 22:00:00;19.4
410005;01-02-2015 23:00:00;17.9
410005;02-02-2015 00:00:00;15.7
410005;02-02-2015 01:00:00;13.9
410005;02-02-2015 02:00:00;12.2
410005;02-02-2015 03:00:00;13.2
410005;02-02-2015 04:00:00;12.9
410005;02-02-2015 05:00:00;11.0
410005;02-02-2015 06:00:00;9.9
410005;02-02-2015 07:00:00;9.8
410005;02-02-2015 08:00:00;9.0
410005;02-02-2015 09:00:00;8.3
410005;02-02-2015 10:00:00;8.6
410005;02-02-2015 11:00:00;11.6
410005;02-02-2015 12:00:00;12.1
410005;02-02-2015 13:00:00;12.4
410005;02-02-2015 14:00:00;12.5
410005;02-02-2015 15:00:00;12.5
410005;02-02-2015 16:00:00;13.7
410005;02-02-2015 17:00:00;15.3
410005;02-02-2015 18:00:00;17.0
410005;02-02-2015 19:00:00;19.7
410005;02-02-2015 20:00:00;21.4
410005;02-02-2015 21:00:00;22.7
410005;02-02-2015 22:00:00;22.2
410005;02-02-2015 23:00:00;19.9
410005;03-02-2015 00:00:00;18.1
410005;03-02-2015 01:00:00;16.3
410005;03-02-2015 02:00:00;14.3
410005;03-02-2015 03:00:00;13.8
410005;03-02-2015 04:00:00;13.0
410005;03-02-2015 05:00:00;12.9
410005;03-02-2015 06:00:00;12.5
410005;03-02-2015 07:00:00;11.8
410005;03-02-2015 08:00:00;11.5
410005;03-02-2015 09:00:00;11.7
410005;03-02-2015 10:00:00;11.4
410005;03-02-2015 11:00:00;11.5
410005;03-02-2015 12:00:00;12.2
410005;03-02-2015 13:00:00;12.4
410005;03-02-2015 14:00:00;12.8
410005;03-02-2015 15:00:00;16.4
410005;03-02-2015 16:00:00;17.8
410005;03-02-2015 17:00:00;18.0
410005;03-02-2015 18:00:00;21.3
410005;03-02-2015 19:00:00;20.5
410005;03-02-2015 20:00:00;20.9
410005;03-02-2015 21:00:00;20.9
410005;03-02-2015 22:00:00;20.2
410005;03-02-2015 23:00:00;18.7
410005;04-02-2015 00:00:00;14.3
410005;04-02-2015 01:00:00;13.3
410005;04-02-2015 02:00:00;13.1
410005;04-02-2015 03:00:00;12.2
410005;04-02-2015 04:00:00;11.8
410005;04-02-2015 05:00:00;11.1
410005;04-02-2015 06:00:00;10.5
410005;04-02-2015 07:00:00;11.0
410005;04-02-2015 08:00:00;11.7
410005;04-02-2015 09:00:00;11.9
410005;04-02-2015 10:00:00;11.6
410005;04-02-2015 11:00:00;12.0
410005;04-02-2015 12:00:00;12.5
410005;04-02-2015 13:00:00;13.3
410005;04-02-2015 14:00:00;14.1
410005;04-02-2015 15:00:00;16.0
410005;04-02-2015 16:00:00;18.2
410005;04-02-2015 17:00:00;20.1
410005;04-02-2015 18:00:00;21.3
410005;04-02-2015 19:00:00;21.3
410005;04-02-2015 20:00:00;20.7
410005;04-02-2015 21:00:00;20.0
410005;04-02-2015 22:00:00;19.3
410005;04-02-2015 23:00:00;18.6
410005;05-02-2015 00:00:00;15.4
410005;05-02-2015 01:00:00;13.3
410005;05-02-2015 02:00:00;12.2
410005;05-02-2015 03:00:00;11.6
410005;05-02-2015 04:00:00;10.9
410005;05-02-2015 05:00:00;10.3
410005;05-02-2015 06:00:00;9.1
410005;05-02-2015 07:00:00;8.0
410005;05-02-2015 08:00:00;7.0
410005;05-02-2015 09:00:00;6.2
410005;05-02-2015 10:00:00;6.5
410005;05-02-2015 11:00:00;7.9
410005;05-02-2015 12:00:00;11.2
410005;05-02-2015 13:00:00;15.2
410005;05-02-2015 14:00:00;17.4
410005;05-02-2015 15:00:00;20.0
410005;05-02-2015 16:00:00;22.1
410005;05-02-2015 17:00:00;23.6
410005;05-02-2015 18:00:00;24.9
410005;05-02-2015 19:00:00;24.4
410005;05-02-2015 20:00:00;22.9
410005;05-02-2015 21:00:00;20.3
410005;05-02-2015 22:00:00;18.0
410005;05-02-2015 23:00:00;18.0
410005;06-02-2015 00:00:00;17.5
410005;06-02-2015 01:00:00;17.3
410005;06-02-2015 02:00:00;17.1
410005;06-02-2015 03:00:00;16.9
410005;06-02-2015 04:00:00;16.9
410005;06-02-2015 05:00:00;16.3
410005;06-02-2015 06:00:00;16.2
410005;06-02-2015 07:00:00;16.6
410005;06-02-2015 08:00:00;16.3
410005;06-02-2015 09:00:00;16.4
410005;06-02-2015 10:00:00;15.7
410005;06-02-2015 11:00:00;15.2
410005;06-02-2015 12:00:00;14.3
410005;06-02-2015 13:00:00;13.7
410005;06-02-2015 14:00:00;15.1
410005;06-02-2015 15:00:00;16.7
410005;06-02-2015 16:00:00;17.6
410005;06-02-2015 17:00:00;18.5
410005;06-02-2015 18:00:00;18.7
410005;06-02-2015 19:00:00;20.2
410005;06-02-2015 20:00:00;20.1
410005;06-02-2015 21:00:00;19.7
410005;06-02-2015 22:00:00;19.3
410005;06-02-2015 23:00:00;18.4
410005;07-02-2015 00:00:00;16.5
410005;07-02-2015 01:00:00;14.8
410005;07-02-2015 02:00:00;12.6
410005;07-02-2015 03:00:00;11.7
410005;07-02-2015 04:00:00;11.1
410005;07-02-2015 05:00:00;11.2
410005;07-02-2015 06:00:00;11.1
410005;07-02-2015 07:00:00;10.6
410005;07-02-2015 08:00:00;9.3
410005;07-02-2015 09:00:00;8.7
410005;07-02-2015 10:00:00;8.4
410005;07-02-2015 11:00:00;8.1
410005;07-02-2015 12:00:00;9.3
410005;07-02-2015 13:00:00;11.6
410005;07-02-2015 14:00:00;14.3
410005;07-02-2015 15:00:00;15.2
410005;07-02-2015 16:00:00;16.8
410005;07-02-2015 17:00:00;17.8
410005;07-02-2015 18:00:00;16.5
410005;07-02-2015 19:00:00;17.5
410005;07-02-2015 20:00:00;17.2
410005;07-02-2015 21:00:00;17.4
410005;07-02-2015 22:00:00;18.1
410005;07-02-2015 23:00:00;16.7
410005;08-02-2015 00:00:00;14.3
410005;08-02-2015 01:00:00;12.8
410005;08-02-2015 02:00:00;12.2
410005;08-02-2015 03:00:00;11.9
410005;08-02-2015 04:00:00;10.4
410005;08-02-2015 05:00:00;10.4
410005;08-02-2015 06:00:00;9.7
410005;08-02-2015 07:00:00;8.4
410005;08-02-2015 08:00:00;8.1
410005;08-02-2015 09:00:00;9.5
410005;08-02-2015 10:00:00;10.0
410005;08-02-2015 11:00:00;10.5
410005;08-02-2015 12:00:00;11.6
410005;08-02-2015 13:00:00;12.4
410005;08-02-2015 14:00:00;14.7
410005;08-02-2015 15:00:00;17.0
410005;08-02-2015 16:00:00;14.9
410005;08-02-2015 17:00:00;15.8
410005;08-02-2015 18:00:00;13.7
410005;08-02-2015 19:00:00;14.2
410005;08-02-2015 20:00:00;16.3
410005;08-02-2015 21:00:00;16.3
410005;08-02-2015 22:00:00;14.6
410005;08-02-2015 23:00:00;14.0
410005;09-02-2015 00:00:00;12.9
410005;09-02-2015 01:00:00;10.8
410005;09-02-2015 02:00:00;10.2
410005;09-02-2015 03:00:00;9.1
410005;09-02-2015 04:00:00;7.5
410005;09-02-2015 05:00:00;6.2
410005;09-02-2015 06:00:00;7.3
410005;09-02-2015 07:00:00;7.3
410005;09-02-2015 08:00:00;7.2
410005;09-02-2015 09:00:00;6.9
410005;09-02-2015 10:00:00;7.2
410005;09-02-2015 11:00:00;7.3
410005;09-02-2015 12:00:00;8.4
410005;09-02-2015 13:00:00;10.6
410005;09-02-2015 14:00:00;12.9
410005;09-02-2015 15:00:00;13.5
410005;09-02-2015 16:00:00;14.6
410005;09-02-2015 17:00:00;14.6
410005;09-02-2015 18:00:00;13.5
410005;09-02-2015 19:00:00;13.8
410005;09-02-2015 20:00:00;13.5
410005;09-02-2015 21:00:00;13.1
410005;09-02-2015 22:00:00;13.7
410005;09-02-2015 23:00:00;14.0
410005;10-02-2015 00:00:00;12.9
410005;10-02-2015 01:00:00;10.7
410005;10-02-2015 02:00:00;9.3
410005;10-02-2015 03:00:00;9.0
410005;10-02-2015 04:00:00;8.2
410005;10-02-2015 05:00:00;7.1
410005;10-02-2015 06:00:00;5.8
410005;10-02-2015 07:00:00;5.8
410005;10-02-2015 08:00:00;5.5
410005;10-02-2015 09:00:00;6.7
410005;10-02-2015 10:00:00;7.2
410005;10-02-2015 11:00:00;7.4
410005;10-02-2015 12:00:00;8.3
410005;10-02-2015 13:00:00;9.8
410005;10-02-2015 14:00:00;10.6
410005;10-02-2015 15:00:00;11.0
410005;10-02-2015 16:00:00;12.4
410005;10-02-2015 17:00:00;13.1
410005;10-02-2015 18:00:00;12.1
410005;10-02-2015 19:00:00;12.2
410005;10-02-2015 20:00:00;12.1
410005;10-02-2015 21:00:00;12.4
410005;10-02-2015 22:00:00;12.5
410005;10-02-2015 23:00:00;12.6
410005;11-02-2015 00:00:00;12.2
410005;11-02-2015 01:00:00;12.3
410005;11-02-2015 02:00:00;12.4
410005;11-02-2015 03:00:00;12.4
410005;11-02-2015 04:00:00;12.4
410005;11-02-2015 05:00:00;12.1
410005;11-02-2015 06:00:00;12.0
410005;11-02-2015 07:00:00;12.1
410005;11-02-2015 08:00:00;12.0
410005;11-02-2015 09:00:00;11.8
410005;11-02-2015 10:00:00;11.6
410005;11-02-2015 11:00:00;11.8
410005;11-02-2015 12:00:00;12.4
410005;11-02-2015 13:00:00;13.1
410005;11-02-2015 14:00:00;14.2
410005;11-02-2015 15:00:00;14.4
410005;11-02-2015 16:00:00;15.5
410005;11-02-2015 17:00:00;15.2
410005;11-02-2015 18:00:00;15.9
410005;11-02-2015 19:00:00;16.1
410005;11-02-2015 20:00:00;15.9
410005;11-02-2015 21:00:00;16.4
410005;11-02-2015 22:00:00;16.2
410005;11-02-2015 23:00:00;15.5
410005;12-02-2015 00:00:00;14.3
410005;12-02-2015 01:00:00;14.0
410005;12-02-2015 02:00:00;13.7
410005;12-02-2015 03:00:00;13.3
410005;12-02-2015 04:00:00;11.6
410005;12-02-2015 05:00:00;9.7
410005;12-02-2015 06:00:00;9.8
410005;12-02-2015 07:00:00;8.6
410005;12-02-2015 08:00:00;8.8
410005;12-02-2015 09:00:00;8.3
410005;12-02-2015 10:00:00;7.7
410005;12-02-2015 11:00:00;8.6
410005;12-02-2015 12:00:00;10.9
410005;12-02-2015 13:00:00;12.4
410005;12-02-2015 14:00:00;13.5
410005;12-02-2015 15:00:00;13.8
410005;12-02-2015 16:00:00;14.4
410005;12-02-2015 17:00:00;16.3
410005;12-02-2015 18:00:00;17.0
410005;12-02-2015 19:00:00;15.7
410005;12-02-2015 20:00:00;15.1
410005;12-02-2015 21:00:00;15.3
410005;12-02-2015 22:00:00;14.6
410005;12-02-2015 23:00:00;13.6
410005;13-02-2015 00:00:00;12.7
410005;13-02-2015 01:00:00;10.8
410005;13-02-2015 02:00:00;10.2
410005;13-02-2015 03:00:00;9.0
410005;13-02-2015 04:00:00;8.4
410005;13-02-2015 05:00:00;8.8
410005;13-02-2015 06:00:00;8.1
410005;13-02-2015 07:00:00;8.1
410005;13-02-2015 08:00:00;7.3
410005;13-02-2015 09:00:00;5.8
410005;13-02-2015 10:00:00;5.8
410005;13-02-2015 11:00:00;6.1
410005;13-02-2015 12:00:00;7.3
410005;13-02-2015 13:00:00;11.9
410005;13-02-2015 14:00:00;13.8
410005;13-02-2015 15:00:00;15.3
410005;13-02-2015 16:00:00;15.9
410005;13-02-2015 17:00:00;16.7
410005;13-02-2015 18:00:00;16.8
410005;13-02-2015 19:00:00;17.0
410005;13-02-2015 20:00:00;17.6
410005;13-02-2015 21:00:00;17.7
410005;13-02-2015 22:00:00;16.9
410005;13-02-2015 23:00:00;15.7
410005;14-02-2015 00:00:00;14.1
410005;14-02-2015 01:00:00;12.6
410005;14-02-2015 02:00:00;11.5
410005;14-02-2015 03:00:00;10.8
410005;14-02-2015 04:00:00;10.1
410005;14-02-2015 05:00:00;10.1
410005;14-02-2015 06:00:00;8.7
410005;14-02-2015 07:00:00;8.4
410005;14-02-2015 08:00:00;8.4
410005;14-02-2015 09:00:00;8.2
410005;14-02-2015 10:00:00;8.7
410005;14-02-2015 11:00:00;8.2
410005;14-02-2015 12:00:00;9.2
410005;14-02-2015 13:00:00;11.6
410005;14-02-2015 14:00:00;14.3
410005;14-02-2015 15:00:00;16.2
410005;14-02-2015 16:00:00;18.6
410005;14-02-2015 17:00:00;18.8
410005;14-02-2015 18:00:00;19.8
410005;14-02-2015 19:00:00;21.2
410005;14-02-2015 20:00:00;21.1
410005;14-02-2015 21:00:00;20.7
410005;14-02-2015 22:00:00;20.7
410005;14-02-2015 23:00:00;19.9
410005;15-02-2015 00:00:00;17.4
410005;15-02-2015 01:00:00;15.5
410005;15-02-2015 02:00:00;14.2
410005;15-02-2015 03:00:00;13.4
410005;15-02-2015 04:00:00;13.2
410005;15-02-2015 05:00:00;13.1
410005;15-02-2015 06:00:00;13.0
410005;15-02-2015 07:00:00;12.9
410005;15-02-2015 08:00:00;12.5
410005;15-02-2015 09:00:00;12.1
410005;15-02-2015 10:00:00;12.6
410005;15-02-2015 11:00:00;12.8
410005;15-02-2015 12:00:00;13.9
410005;15-02-2015 13:00:00;14.0
410005;15-02-2015 14:00:00;14.4
410005;15-02-2015 15:00:00;15.4
410005;15-02-2015 16:00:00;17.0
410005;15-02-2015 17:00:00;19.1
410005;15-02-2015 18:00:00;20.2
410005;15-02-2015 19:00:00;20.5
410005;15-02-2015 20:00:00;19.3
410005;15-02-2015 21:00:00;19.4
410005;15-02-2015 22:00:00;19.1
410005;15-02-2015 23:00:00;16.5
410005;16-02-2015 00:00:00;15.5
410005;16-02-2015 01:00:00;13.8
410005;16-02-2015 02:00:00;13.4
410005;16-02-2015 03:00:00;12.9
410005;16-02-2015 04:00:00;13.0
410005;16-02-2015 05:00:00;12.5
410005;16-02-2015 06:00:00;10.8
410005;16-02-2015 07:00:00;10.6
410005;16-02-2015 08:00:00;9.9
410005;16-02-2015 09:00:00;9.4
410005;16-02-2015 10:00:00;8.8
410005;16-02-2015 11:00:00;9.1
410005;16-02-2015 12:00:00;12.0
410005;16-02-2015 13:00:00;14.8
410005;16-02-2015 14:00:00;17.0
410005;16-02-2015 15:00:00;17.2
410005;16-02-2015 16:00:00;18.4
410005;16-02-2015 17:00:00;18.0
410005;16-02-2015 18:00:00;18.8
410005;16-02-2015 19:00:00;20.1
410005;16-02-2015 20:00:00;20.5
410005;16-02-2015 21:00:00;19.2
410005;16-02-2015 22:00:00;19.1
410005;16-02-2015 23:00:00;17.5
410005;17-02-2015 00:00:00;14.4
410005;17-02-2015 01:00:00;12.3
410005;17-02-2015 02:00:00;11.0
410005;17-02-2015 03:00:00;10.1
410005;17-02-2015 04:00:00;10.0
410005;17-02-2015 05:00:00;9.5
410005;17-02-2015 06:00:00;9.8
410005;17-02-2015 07:00:00;8.1
410005;17-02-2015 08:00:00;8.2
410005;17-02-2015 09:00:00;8.0
410005;17-02-2015 10:00:00;7.0
410005;17-02-2015 11:00:00;6.8
410005;17-02-2015 12:00:00;10.7
410005;17-02-2015 13:00:00;13.0
410005;17-02-2015 14:00:00;14.2
410005;17-02-2015 15:00:00;15.3
410005;17-02-2015 16:00:00;16.0
410005;17-02-2015 17:00:00;16.2
410005;17-02-2015 18:00:00;16.4
410005;17-02-2015 19:00:00;16.1
410005;17-02-2015 20:00:00;16.2
410005;17-02-2015 21:00:00;15.9
410005;17-02-2015 22:00:00;15.8
410005;17-02-2015 23:00:00;15.1
410005;18-02-2015 00:00:00;14.4
410005;18-02-2015 01:00:00;12.8
410005;18-02-2015 02:00:00;11.8
410005;18-02-2015 03:00:00;10.8
410005;18-02-2015 04:00:00;9.6
410005;18-02-2015 05:00:00;8.8
410005;18-02-2015 06:00:00;7.9
410005;18-02-2015 07:00:00;7.9
410005;18-02-2015 08:00:00;6.8
410005;18-02-2015 09:00:00;7.9
410005;18-02-2015 10:00:00;7.1
410005;18-02-2015 11:00:00;6.3
410005;18-02-2015 12:00:00;8.3
410005;18-02-2015 13:00:00;11.6
410005;18-02-2015 14:00:00;12.1
410005;18-02-2015 15:00:00;13.8
410005;18-02-2015 16:00:00;14.3
410005;18-02-2015 17:00:00;15.2
410005;18-02-2015 18:00:00;14.9
410005;18-02-2015 19:00:00;15.6
410005;18-02-2015 20:00:00;15.3
410005;18-02-2015 21:00:00;14.9
410005;18-02-2015 22:00:00;14.6
410005;18-02-2015 23:00:00;13.0
410005;19-02-2015 00:00:00;12.4
410005;19-02-2015 01:00:00;10.3
410005;19-02-2015 02:00:00;9.9
410005;19-02-2015 03:00:00;10.5
410005;19-02-2015 04:00:00;11.0
410005;19-02-2015 05:00:00;9.9
410005;19-02-2015 06:00:00;9.4
410005;19-02-2015 07:00:00;8.6
410005;19-02-2015 08:00:00;7.6
410005;19-02-2015 09:00:00;7.5
410005;19-02-2015 10:00:00;6.9
410005;19-02-2015 11:00:00;7.6
410005;19-02-2015 12:00:00;10.2
410005;19-02-2015 13:00:00;12.0
410005;19-02-2015 14:00:00;13.5
410005;19-02-2015 15:00:00;14.3
410005;19-02-2015 16:00:00;15.6
410005;19-02-2015 17:00:00;17.0
410005;19-02-2015 18:00:00;17.8
410005;19-02-2015 19:00:00;17.8
410005;19-02-2015 20:00:00;17.8
410005;19-02-2015 21:00:00;17.9
410005;19-02-2015 22:00:00;16.7
410005;19-02-2015 23:00:00;15.9
410005;20-02-2015 00:00:00;14.2
410005;20-02-2015 01:00:00;12.9
410005;20-02-2015 02:00:00;12.5
410005;20-02-2015 03:00:00;11.9
410005;20-02-2015 04:00:00;12.1
410005;20-02-2015 05:00:00;11.6
410005;20-02-2015 06:00:00;11.6
410005;20-02-2015 07:00:00;11.8
410005;20-02-2015 08:00:00;11.9
410005;20-02-2015 09:00:00;11.9
410005;20-02-2015 10:00:00;12.2
410005;20-02-2015 11:00:00;11.9
410005;20-02-2015 12:00:00;12.2
410005;20-02-2015 13:00:00;12.9
410005;20-02-2015 14:00:00;13.0
410005;20-02-2015 15:00:00;13.4
410005;20-02-2015 16:00:00;13.9
410005;20-02-2015 17:00:00;14.5
410005;20-02-2015 18:00:00;15.5
410005;20-02-2015 19:00:00;15.7
410005;20-02-2015 20:00:00;16.8
410005;20-02-2015 21:00:00;17.6
410005;20-02-2015 22:00:00;17.3
410005;20-02-2015 23:00:00;15.9
410005;21-02-2015 00:00:00;13.5
410005;21-02-2015 01:00:00;12.6
410005;21-02-2015 02:00:00;12.1
410005;21-02-2015 03:00:00;11.2
410005;21-02-2015 04:00:00;9.1
410005;21-02-2015 05:00:00;8.0
410005;21-02-2015 06:00:00;7.0
410005;21-02-2015 07:00:00;6.7
410005;21-02-2015 08:00:00;6.8
410005;21-02-2015 09:00:00;8.2
410005;21-02-2015 10:00:00;8.8
410005;21-02-2015 11:00:00;8.8
410005;21-02-2015 12:00:00;10.7
410005;21-02-2015 13:00:00;12.4
410005;21-02-2015 14:00:00;14.1
410005;21-02-2015 15:00:00;15.4
410005;21-02-2015 16:00:00;17.2
410005;21-02-2015 17:00:00;18.8
410005;21-02-2015 18:00:00;19.1
410005;21-02-2015 19:00:00;18.6
410005;21-02-2015 20:00:00;18.7
410005;21-02-2015 21:00:00;18.8
410005;21-02-2015 22:00:00;18.4
410005;21-02-2015 23:00:00;17.0
410005;22-02-2015 00:00:00;14.4
410005;22-02-2015 01:00:00;14.1
410005;22-02-2015 02:00:00;12.1
410005;22-02-2015 03:00:00;11.6
410005;22-02-2015 04:00:00;11.2
410005;22-02-2015 05:00:00;11.1
410005;22-02-2015 06:00:00;10.6
410005;22-02-2015 07:00:00;9.7
410005;22-02-2015 08:00:00;10.3
410005;22-02-2015 09:00:00;10.8
410005;22-02-2015 10:00:00;10.8
410005;22-02-2015 11:00:00;10.6
410005;22-02-2015 12:00:00;10.8
410005;22-02-2015 13:00:00;11.0
410005;22-02-2015 14:00:00;11.3
410005;22-02-2015 15:00:00;12.1
410005;22-02-2015 16:00:00;13.4
410005;22-02-2015 17:00:00;16.0
410005;22-02-2015 18:00:00;19.2
410005;22-02-2015 19:00:00;18.9
410005;22-02-2015 20:00:00;17.3
410005;22-02-2015 21:00:00;17.4
410005;22-02-2015 22:00:00;17.4
410005;22-02-2015 23:00:00;17.8
410005;23-02-2015 00:00:00;14.6
410005;23-02-2015 01:00:00;12.9
410005;23-02-2015 02:00:00;11.2
410005;23-02-2015 03:00:00;10.0
410005;23-02-2015 04:00:00;9.5
410005;23-02-2015 05:00:00;8.8
410005;23-02-2015 06:00:00;8.2
410005;23-02-2015 07:00:00;6.7
410005;23-02-2015 08:00:00;6.5
410005;23-02-2015 09:00:00;5.7
410005;23-02-2015 10:00:00;5.6
410005;23-02-2015 11:00:00;5.2
410005;23-02-2015 12:00:00;7.0
410005;23-02-2015 13:00:00;9.1
410005;23-02-2015 14:00:00;12.2
410005;23-02-2015 15:00:00;16.5
410005;23-02-2015 16:00:00;18.9
410005;23-02-2015 17:00:00;18.6
410005;23-02-2015 18:00:00;20.0
410005;23-02-2015 19:00:00;20.0
410005;23-02-2015 20:00:00;20.8
410005;23-02-2015 21:00:00;19.2
410005;23-02-2015 22:00:00;18.9
410005;23-02-2015 23:00:00;17.0
410005;24-02-2015 00:00:00;15.3
410005;24-02-2015 01:00:00;14.4
410005;24-02-2015 02:00:00;13.4
410005;24-02-2015 03:00:00;12.6
410005;24-02-2015 04:00:00;11.3
410005;24-02-2015 05:00:00;11.7
410005;24-02-2015 06:00:00;11.6
410005;24-02-2015 07:00:00;10.8
410005;24-02-2015 08:00:00;10.8
410005;24-02-2015 09:00:00;11.1
410005;24-02-2015 10:00:00;11.6
410005;24-02-2015 11:00:00;13.1
410005;24-02-2015 12:00:00;12.8
410005;24-02-2015 13:00:00;12.7
410005;24-02-2015 14:00:00;13.3
410005;24-02-2015 15:00:00;13.8
410005;24-02-2015 16:00:00;14.6
410005;24-02-2015 17:00:00;16.9
410005;24-02-2015 18:00:00;17.9
410005;24-02-2015 19:00:00;18.3
410005;24-02-2015 20:00:00;18.6
410005;24-02-2015 21:00:00;17.7
410005;24-02-2015 22:00:00;16.7
410005;24-02-2015 23:00:00;16.1
410005;25-02-2015 00:00:00;14.7
410005;25-02-2015 01:00:00;13.5
410005;25-02-2015 02:00:00;12.5
410005;25-02-2015 03:00:00;11.7
410005;25-02-2015 04:00:00;10.7
410005;25-02-2015 05:00:00;9.6
410005;25-02-2015 06:00:00;10.4
410005;25-02-2015 07:00:00;9.8
410005;25-02-2015 08:00:00;8.8
410005;25-02-2015 09:00:00;8.6
410005;25-02-2015 10:00:00;8.1
410005;25-02-2015 11:00:00;8.3
410005;25-02-2015 12:00:00;9.3
410005;25-02-2015 13:00:00;13.0
410005;25-02-2015 14:00:00;16.8
410005;25-02-2015 15:00:00;20.2
410005;25-02-2015 16:00:00;22.4
410005;25-02-2015 17:00:00;22.9
410005;25-02-2015 18:00:00;22.2
410005;25-02-2015 19:00:00;22.6
410005;25-02-2015 20:00:00;22.3
410005;25-02-2015 21:00:00;21.8
410005;25-02-2015 22:00:00;21.3
410005;25-02-2015 23:00:00;19.5
410005;26-02-2015 00:00:00;16.1
410005;26-02-2015 01:00:00;14.9
410005;26-02-2015 02:00:00;14.2
410005;26-02-2015 03:00:00;15.6
410005;26-02-2015 04:00:00;14.0
410005;26-02-2015 05:00:00;11.2
410005;26-02-2015 06:00:00;12.4
410005;26-02-2015 07:00:00;13.4
410005;26-02-2015 08:00:00;12.3
410005;26-02-2015 09:00:00;12.7
410005;26-02-2015 10:00:00;12.1
410005;26-02-2015 11:00:00;12.9
410005;26-02-2015 12:00:00;15.6
410005;26-02-2015 13:00:00;17.8
410005;26-02-2015 14:00:00;18.2
410005;26-02-2015 15:00:00;19.8
410005;26-02-2015 16:00:00;21.1
410005;26-02-2015 17:00:00;21.0
410005;26-02-2015 18:00:00;21.6
410005;26-02-2015 19:00:00;21.3
410005;26-02-2015 20:00:00;21.5
410005;26-02-2015 21:00:00;20.2
410005;26-02-2015 22:00:00;19.0
410005;26-02-2015 23:00:00;18.1
410005;27-02-2015 00:00:00;16.0
410005;27-02-2015 01:00:00;14.9
410005;27-02-2015 02:00:00;14.6
410005;27-02-2015 03:00:00;13.3
410005;27-02-2015 04:00:00;11.4
410005;27-02-2015 05:00:00;10.6
410005;27-02-2015 06:00:00;10.7
410005;27-02-2015 07:00:00;10.0
410005;27-02-2015 08:00:00;9.4
410005;27-02-2015 09:00:00;8.6
410005;27-02-2015 10:00:00;8.3
410005;27-02-2015 11:00:00;8.9
410005;27-02-2015 12:00:00;11.1
410005;27-02-2015 13:00:00;14.0
410005;27-02-2015 14:00:00;16.7
410005;27-02-2015 15:00:00;19.7
410005;27-02-2015 16:00:00;22.2
410005;27-02-2015 17:00:00;24.3
410005;27-02-2015 18:00:00;23.0
410005;27-02-2015 19:00:00;22.7
410005;27-02-2015 20:00:00;22.8
410005;27-02-2015 21:00:00;22.4
410005;27-02-2015 22:00:00;20.1
410005;27-02-2015 23:00:00;16.1
410005;28-02-2015 00:00:00;13.1
410005;28-02-2015 01:00:00;12.5
410005;28-02-2015 02:00:00;12.4
410005;28-02-2015 03:00:00;12.2
410005;28-02-2015 04:00:00;12.1
410005;28-02-2015 05:00:00;12.2
410005;28-02-2015 06:00:00;12.3
410005;28-02-2015 07:00:00;12.0
410005;28-02-2015 08:00:00;11.8
410005;28-02-2015 09:00:00;11.8
410005;28-02-2015 10:00:00;11.7
410005;28-02-2015 11:00:00;11.6
410005;28-02-2015 12:00:00;11.7
410005;28-02-2015 13:00:00;12.5
410005;28-02-2015 14:00:00;13.0
410005;28-02-2015 15:00:00;13.6
410005;28-02-2015 16:00:00;14.1
410005;28-02-2015 17:00:00;15.9
410005;28-02-2015 18:00:00;18.9
410005;28-02-2015 19:00:00;21.2
410005;28-02-2015 20:00:00;20.3
410005;28-02-2015 21:00:00;18.9
410005;28-02-2015 22:00:00;18.0
410005;28-02-2015 23:00:00;16.3
410005;01-03-2015 00:00:00;15.0
410005;01-03-2015 01:00:00;14.4
410005;01-03-2015 02:00:00;13.8
410005;01-03-2015 03:00:00;14.0
410005;01-03-2015 04:00:00;14.4
410005;01-03-2015 05:00:00;14.8
410005;01-03-2015 06:00:00;15.2
410005;01-03-2015 07:00:00;15.2
410005;01-03-2015 08:00:00;15.1
410005;01-03-2015 09:00:00;15.4
410005;01-03-2015 10:00:00;15.2
410005;01-03-2015 11:00:00;15.2
410005;01-03-2015 12:00:00;15.1
410005;01-03-2015 13:00:00;15.6
410005;01-03-2015 14:00:00;16.0
410005;01-03-2015 15:00:00;15.6
410005;01-03-2015 16:00:00;15.9
410005;01-03-2015 17:00:00;18.5
410005;01-03-2015 18:00:00;18.3
410005;01-03-2015 19:00:00;17.9
410005;01-03-2015 20:00:00;16.7
410005;01-03-2015 21:00:00;18.0
410005;01-03-2015 22:00:00;17.7
410005;01-03-2015 23:00:00;17.3
410005;02-03-2015 00:00:00;17.3
410005;02-03-2015 01:00:00;16.9
410005;02-03-2015 02:00:00;16.7
410005;02-03-2015 03:00:00;16.5
410005;02-03-2015 04:00:00;16.0
410005;02-03-2015 05:00:00;15.7
410005;02-03-2015 06:00:00;15.3
410005;02-03-2015 07:00:00;15.6
410005;02-03-2015 08:00:00;15.5
410005;02-03-2015 09:00:00;15.5
410005;02-03-2015 10:00:00;15.1
410005;02-03-2015 11:00:00;14.6
410005;02-03-2015 12:00:00;14.9
410005;02-03-2015 13:00:00;12.9
410005;02-03-2015 14:00:00;13.1
410005;02-03-2015 15:00:00;13.6
410005;02-03-2015 16:00:00;13.9
410005;02-03-2015 17:00:00;13.9
410005;02-03-2015 18:00:00;14.9
410005;02-03-2015 19:00:00;15.9
410005;02-03-2015 20:00:00;16.6
410005;02-03-2015 21:00:00;15.7
410005;02-03-2015 22:00:00;16.1
410005;02-03-2015 23:00:00;16.3
410005;03-03-2015 00:00:00;14.3
410005;03-03-2015 01:00:00;13.3
410005;03-03-2015 02:00:00;12.0
410005;03-03-2015 03:00:00;11.7
410005;03-03-2015 04:00:00;12.0
410005;03-03-2015 05:00:00;11.7
410005;03-03-2015 06:00:00;11.6
410005;03-03-2015 07:00:00;10.3
410005;03-03-2015 08:00:00;9.3
410005;03-03-2015 09:00:00;9.4
410005;03-03-2015 10:00:00;10.1
410005;03-03-2015 11:00:00;7.3
410005;03-03-2015 12:00:00;8.3
410005;03-03-2015 13:00:00;11.2
410005;03-03-2015 14:00:00;14.0
410005;03-03-2015 15:00:00;15.8
410005;03-03-2015 16:00:00;15.7
410005;03-03-2015 17:00:00;16.6
410005;03-03-2015 18:00:00;17.5
410005;03-03-2015 19:00:00;17.8
410005;03-03-2015 20:00:00;17.3
410005;03-03-2015 21:00:00;17.1
410005;03-03-2015 22:00:00;16.4
410005;03-03-2015 23:00:00;15.0
410005;04-03-2015 00:00:00;12.1
410005;04-03-2015 01:00:00;10.4
410005;04-03-2015 02:00:00;8.9
410005;04-03-2015 03:00:00;9.4
410005;04-03-2015 04:00:00;8.2
410005;04-03-2015 05:00:00;6.0
410005;04-03-2015 06:00:00;4.8
410005;04-03-2015 07:00:00;3.8
410005;04-03-2015 08:00:00;3.2
410005;04-03-2015 09:00:00;5.4
410005;04-03-2015 11:00:00;4.4
410005;04-03-2015 12:00:00;6.7
410005;04-03-2015 13:00:00;10.5
410005;04-03-2015 14:00:00;14.6
410005;04-03-2015 15:00:00;16.5
410005;04-03-2015 16:00:00;17.8
410005;04-03-2015 17:00:00;18.7
410005;04-03-2015 18:00:00;20.4
410005;04-03-2015 19:00:00;21.9
410005;04-03-2015 20:00:00;22.8
410005;04-03-2015 21:00:00;20.5
410005;04-03-2015 22:00:00;19.6
410005;04-03-2015 23:00:00;17.0
410005;05-03-2015 00:00:00;14.4
410005;05-03-2015 01:00:00;12.6
410005;05-03-2015 02:00:00;10.3
410005;05-03-2015 03:00:00;9.0
410005;05-03-2015 04:00:00;8.8
410005;05-03-2015 05:00:00;7.6
410005;05-03-2015 06:00:00;7.4
410005;05-03-2015 07:00:00;7.3
410005;05-03-2015 08:00:00;8.0
410005;05-03-2015 09:00:00;8.2
410005;05-03-2015 10:00:00;10.8
410005;05-03-2015 11:00:00;11.8
410005;05-03-2015 12:00:00;12.5
410005;05-03-2015 13:00:00;13.4
410005;05-03-2015 14:00:00;12.7
410005;05-03-2015 15:00:00;13.0
410005;05-03-2015 16:00:00;13.5
410005;05-03-2015 17:00:00;13.4
410005;05-03-2015 18:00:00;14.3
410005;05-03-2015 19:00:00;15.5
410005;05-03-2015 20:00:00;17.3
410005;05-03-2015 21:00:00;18.0
410005;05-03-2015 22:00:00;18.9
410005;05-03-2015 23:00:00;16.7
410005;06-03-2015 00:00:00;15.8
410005;06-03-2015 01:00:00;15.6
410005;06-03-2015 02:00:00;15.4
410005;06-03-2015 03:00:00;15.5
410005;06-03-2015 04:00:00;14.9
410005;06-03-2015 05:00:00;13.8
410005;06-03-2015 06:00:00;13.1
410005;06-03-2015 07:00:00;11.6
410005;06-03-2015 08:00:00;11.0
410005;06-03-2015 09:00:00;9.4
410005;06-03-2015 10:00:00;9.3
410005;06-03-2015 11:00:00;9.4
410005;06-03-2015 12:00:00;12.6
410005;06-03-2015 13:00:00;14.2
410005;06-03-2015 14:00:00;17.7
410005;06-03-2015 15:00:00;19.9
410005;06-03-2015 16:00:00;22.3
410005;06-03-2015 17:00:00;22.4
410005;06-03-2015 18:00:00;22.9
410005;06-03-2015 19:00:00;24.3
410005;06-03-2015 20:00:00;24.6
410005;06-03-2015 21:00:00;24.1
410005;06-03-2015 22:00:00;22.9
410005;06-03-2015 23:00:00;21.4
410005;07-03-2015 00:00:00;19.6
410005;07-03-2015 01:00:00;18.5
410005;07-03-2015 02:00:00;18.2
410005;07-03-2015 03:00:00;17.9
410005;07-03-2015 04:00:00;17.5
410005;07-03-2015 05:00:00;17.4
410005;07-03-2015 06:00:00;17.0
410005;07-03-2015 07:00:00;16.8
410005;07-03-2015 08:00:00;16.9
410005;07-03-2015 09:00:00;16.7
410005;07-03-2015 10:00:00;16.8
410005;07-03-2015 11:00:00;17.1
410005;07-03-2015 12:00:00;17.1
410005;07-03-2015 13:00:00;16.6
410005;07-03-2015 14:00:00;17.5
410005;07-03-2015 15:00:00;17.6
410005;07-03-2015 16:00:00;14.4
410005;07-03-2015 17:00:00;13.4
410005;07-03-2015 18:00:00;15.4
410005;07-03-2015 19:00:00;16.0
410005;07-03-2015 20:00:00;17.5
410005;07-03-2015 21:00:00;18.4
410005;07-03-2015 22:00:00;18.8
410005;07-03-2015 23:00:00;17.9
410005;08-03-2015 00:00:00;15.6
410005;08-03-2015 01:00:00;14.3
410005;08-03-2015 02:00:00;13.2
410005;08-03-2015 03:00:00;12.3
410005;08-03-2015 04:00:00;12.3
410005;08-03-2015 05:00:00;13.1
410005;08-03-2015 06:00:00;12.9
410005;08-03-2015 07:00:00;12.0
410005;08-03-2015 08:00:00;11.0
410005;08-03-2015 09:00:00;10.8
410005;08-03-2015 10:00:00;12.7
410005;08-03-2015 11:00:00;12.0
410005;08-03-2015 12:00:00;11.4
410005;08-03-2015 13:00:00;12.2
410005;08-03-2015 14:00:00;14.9
410005;08-03-2015 15:00:00;16.5
410005;08-03-2015 16:00:00;17.6
410005;08-03-2015 17:00:00;17.5
410005;08-03-2015 18:00:00;18.7
410005;08-03-2015 19:00:00;18.6
410005;08-03-2015 20:00:00;18.3
410005;08-03-2015 21:00:00;17.9
410005;08-03-2015 22:00:00;18.0
410005;08-03-2015 23:00:00;16.6
410005;09-03-2015 00:00:00;14.0
410005;09-03-2015 01:00:00;13.3
410005;09-03-2015 02:00:00;11.2
410005;09-03-2015 03:00:00;11.0
410005;09-03-2015 04:00:00;9.9
410005;09-03-2015 05:00:00;10.4
410005;09-03-2015 06:00:00;9.8
410005;09-03-2015 07:00:00;10.2
410005;09-03-2015 08:00:00;9.5
410005;09-03-2015 09:00:00;5.6
410005;09-03-2015 10:00:00;5.9
410005;09-03-2015 11:00:00;6.5
410005;09-03-2015 12:00:00;7.0
410005;09-03-2015 13:00:00;9.5
410005;09-03-2015 14:00:00;14.6
410005;09-03-2015 15:00:00;16.8
410005;09-03-2015 16:00:00;18.4
410005;09-03-2015 17:00:00;18.3
410005;09-03-2015 18:00:00;19.5
410005;09-03-2015 19:00:00;20.2
410005;09-03-2015 20:00:00;21.9
410005;09-03-2015 21:00:00;21.1
410005;09-03-2015 22:00:00;18.9
410005;09-03-2015 23:00:00;17.5
410005;10-03-2015 00:00:00;13.9
410005;10-03-2015 01:00:00;11.6
410005;10-03-2015 02:00:00;9.4
410005;10-03-2015 03:00:00;8.7
410005;10-03-2015 04:00:00;7.1
410005;10-03-2015 05:00:00;6.9
410005;10-03-2015 06:00:00;7.2
410005;10-03-2015 07:00:00;6.4
410005;10-03-2015 08:00:00;6.4
410005;10-03-2015 09:00:00;6.8
410005;10-03-2015 10:00:00;6.2
410005;10-03-2015 11:00:00;6.1
410005;10-03-2015 12:00:00;9.2
410005;10-03-2015 13:00:00;12.2
410005;10-03-2015 14:00:00;16.5
410005;10-03-2015 15:00:00;19.8
410005;10-03-2015 16:00:00;22.0
410005;10-03-2015 17:00:00;21.8
410005;10-03-2015 18:00:00;22.0
410005;10-03-2015 19:00:00;21.1
410005;10-03-2015 20:00:00;20.3
410005;10-03-2015 21:00:00;19.3
410005;10-03-2015 22:00:00;19.1
410005;10-03-2015 23:00:00;18.0
410005;11-03-2015 00:00:00;15.6
410005;11-03-2015 01:00:00;13.8
410005;11-03-2015 02:00:00;13.2
410005;11-03-2015 03:00:00;12.9
410005;11-03-2015 04:00:00;12.6
410005;11-03-2015 05:00:00;12.4
410005;11-03-2015 06:00:00;11.6
410005;11-03-2015 07:00:00;10.7
410005;11-03-2015 08:00:00;9.8
410005;11-03-2015 09:00:00;10.4
410005;11-03-2015 10:00:00;11.6
410005;11-03-2015 11:00:00;11.2
410005;11-03-2015 12:00:00;12.1
410005;11-03-2015 13:00:00;13.9
410005;11-03-2015 14:00:00;15.9
410005;11-03-2015 15:00:00;17.1
410005;11-03-2015 16:00:00;18.4
410005;11-03-2015 17:00:00;18.8
410005;11-03-2015 18:00:00;19.1
410005;11-03-2015 19:00:00;19.7
410005;11-03-2015 20:00:00;19.9
410005;11-03-2015 21:00:00;19.1
410005;11-03-2015 22:00:00;18.0
410005;11-03-2015 23:00:00;16.1
410005;12-03-2015 00:00:00;13.1
410005;12-03-2015 01:00:00;11.1
410005;12-03-2015 02:00:00;9.7
410005;12-03-2015 03:00:00;8.4
410005;12-03-2015 04:00:00;8.0
410005;12-03-2015 05:00:00;6.3
410005;12-03-2015 06:00:00;5.3
410005;12-03-2015 07:00:00;5.1
410005;12-03-2015 08:00:00;5.0
410005;12-03-2015 09:00:00;5.5
410005;12-03-2015 10:00:00;4.3
410005;12-03-2015 11:00:00;3.4
410005;12-03-2015 12:00:00;6.5
410005;12-03-2015 13:00:00;11.2
410005;12-03-2015 14:00:00;14.9
410005;12-03-2015 15:00:00;18.3
410005;12-03-2015 16:00:00;20.1
410005;12-03-2015 17:00:00;21.4
410005;12-03-2015 18:00:00;21.5
410005;12-03-2015 19:00:00;20.9
410005;12-03-2015 20:00:00;21.6
410005;12-03-2015 21:00:00;20.3
410005;12-03-2015 22:00:00;18.4
410005;12-03-2015 23:00:00;17.1
410005;13-03-2015 00:00:00;15.1
410005;13-03-2015 01:00:00;13.4
410005;13-03-2015 02:00:00;11.7
410005;13-03-2015 03:00:00;9.8
410005;13-03-2015 04:00:00;8.5
410005;13-03-2015 05:00:00;8.5
410005;13-03-2015 06:00:00;10.9
410005;13-03-2015 07:00:00;11.0
410005;13-03-2015 08:00:00;9.9
410005;13-03-2015 09:00:00;9.3
410005;13-03-2015 10:00:00;9.1
410005;13-03-2015 11:00:00;9.3
410005;13-03-2015 12:00:00;9.5
410005;13-03-2015 13:00:00;10.7
410005;13-03-2015 14:00:00;13.4
410005;13-03-2015 15:00:00;15.2
410005;13-03-2015 16:00:00;14.7
410005;13-03-2015 17:00:00;15.8
410005;13-03-2015 18:00:00;15.6
410005;13-03-2015 19:00:00;14.8
410005;13-03-2015 20:00:00;14.7
410005;13-03-2015 21:00:00;15.8
410005;13-03-2015 22:00:00;15.5
410005;13-03-2015 23:00:00;14.4
410005;14-03-2015 00:00:00;11.5
410005;14-03-2015 01:00:00;10.9
410005;14-03-2015 02:00:00;9.5
410005;14-03-2015 03:00:00;7.0
410005;14-03-2015 04:00:00;5.6
410005;14-03-2015 05:00:00;4.8
410005;14-03-2015 06:00:00;4.6
410005;14-03-2015 07:00:00;3.9
410005;14-03-2015 08:00:00;3.1
410005;14-03-2015 09:00:00;2.4
410005;14-03-2015 10:00:00;2.5
410005;14-03-2015 11:00:00;2.2
410005;14-03-2015 12:00:00;4.5
410005;14-03-2015 13:00:00;6.2
410005;14-03-2015 14:00:00;12.3
410005;14-03-2015 15:00:00;15.1
410005;14-03-2015 16:00:00;16.6
410005;14-03-2015 17:00:00;15.7
410005;14-03-2015 18:00:00;16.8
410005;14-03-2015 19:00:00;17.7
410005;14-03-2015 20:00:00;17.9
410005;14-03-2015 21:00:00;17.0
410005;14-03-2015 22:00:00;15.4
410005;14-03-2015 23:00:00;14.0
410005;15-03-2015 00:00:00;13.1
410005;15-03-2015 01:00:00;11.9
410005;15-03-2015 02:00:00;10.7
410005;15-03-2015 03:00:00;9.6
410005;15-03-2015 04:00:00;8.4
410005;15-03-2015 05:00:00;9.1
410005;15-03-2015 06:00:00;9.2
410005;15-03-2015 07:00:00;10.0
410005;15-03-2015 08:00:00;10.0
410005;15-03-2015 09:00:00;9.6
410005;15-03-2015 10:00:00;9.4
410005;15-03-2015 11:00:00;9.8
410005;15-03-2015 12:00:00;10.8
410005;15-03-2015 13:00:00;13.2
410005;15-03-2015 14:00:00;15.0
410005;15-03-2015 15:00:00;18.0
410005;15-03-2015 16:00:00;17.8
410005;15-03-2015 17:00:00;18.1
410005;15-03-2015 18:00:00;19.8
410005;15-03-2015 19:00:00;20.3
410005;15-03-2015 20:00:00;20.1
410005;15-03-2015 21:00:00;19.7
410005;15-03-2015 22:00:00;19.3
410005;15-03-2015 23:00:00;18.8
410005;16-03-2015 00:00:00;18.5
410005;16-03-2015 01:00:00;17.5
410005;16-03-2015 02:00:00;17.0
410005;16-03-2015 03:00:00;16.6
410005;16-03-2015 04:00:00;17.1
410005;16-03-2015 05:00:00;16.8
410005;16-03-2015 06:00:00;16.4
410005;16-03-2015 07:00:00;15.7
410005;16-03-2015 08:00:00;15.6
410005;16-03-2015 09:00:00;15.6
410005;16-03-2015 10:00:00;15.5
410005;16-03-2015 11:00:00;15.3
410005;16-03-2015 12:00:00;16.4
410005;16-03-2015 13:00:00;17.7
410005;16-03-2015 14:00:00;17.8
410005;16-03-2015 15:00:00;19.5
410005;16-03-2015 16:00:00;20.2
410005;16-03-2015 17:00:00;20.8
410005;16-03-2015 18:00:00;20.9
410005;16-03-2015 19:00:00;18.8
410005;16-03-2015 20:00:00;18.7
410005;16-03-2015 21:00:00;17.1
410005;16-03-2015 22:00:00;17.0
410005;16-03-2015 23:00:00;16.7
410005;17-03-2015 00:00:00;13.0
410005;17-03-2015 01:00:00;12.4
410005;17-03-2015 02:00:00;11.3
410005;17-03-2015 03:00:00;11.3
410005;17-03-2015 04:00:00;11.3
410005;17-03-2015 05:00:00;11.0
410005;17-03-2015 06:00:00;10.8
410005;17-03-2015 07:00:00;10.5
410005;17-03-2015 08:00:00;10.1
410005;17-03-2015 09:00:00;10.3
410005;17-03-2015 10:00:00;8.8
410005;17-03-2015 11:00:00;6.8
410005;17-03-2015 12:00:00;8.3
410005;17-03-2015 13:00:00;12.8
410005;17-03-2015 14:00:00;13.9
410005;17-03-2015 15:00:00;14.8
410005;17-03-2015 16:00:00;16.2
410005;17-03-2015 17:00:00;17.0
410005;17-03-2015 18:00:00;16.2
410005;17-03-2015 19:00:00;16.5
410005;17-03-2015 20:00:00;16.5
410005;17-03-2015 21:00:00;15.7
410005;17-03-2015 22:00:00;14.8
410005;17-03-2015 23:00:00;12.8
410005;18-03-2015 00:00:00;11.0
410005;18-03-2015 01:00:00;9.7
410005;18-03-2015 02:00:00;7.8
410005;18-03-2015 03:00:00;7.1
410005;18-03-2015 04:00:00;7.7
410005;18-03-2015 05:00:00;7.1
410005;18-03-2015 06:00:00;6.7
410005;18-03-2015 07:00:00;6.4
410005;18-03-2015 08:00:00;5.5
410005;18-03-2015 09:00:00;5.0
410005;18-03-2015 10:00:00;4.5
410005;18-03-2015 11:00:00;3.2
410005;18-03-2015 12:00:00;4.6
410005;18-03-2015 13:00:00;6.8
410005;18-03-2015 14:00:00;12.3
410005;18-03-2015 15:00:00;14.1
410005;18-03-2015 16:00:00;16.2
410005;18-03-2015 17:00:00;16.0
410005;18-03-2015 18:00:00;16.9
410005;18-03-2015 19:00:00;16.9
410005;18-03-2015 20:00:00;17.2
410005;18-03-2015 21:00:00;17.0
410005;18-03-2015 22:00:00;16.4
410005;18-03-2015 23:00:00;14.7
410005;19-03-2015 00:00:00;13.6
410005;19-03-2015 01:00:00;13.4
410005;19-03-2015 02:00:00;12.7
410005;19-03-2015 03:00:00;12.4
410005;19-03-2015 04:00:00;12.1
410005;19-03-2015 05:00:00;11.8
410005;19-03-2015 06:00:00;11.7
410005;19-03-2015 07:00:00;11.3
410005;19-03-2015 08:00:00;11.3
410005;19-03-2015 09:00:00;10.8
410005;19-03-2015 10:00:00;10.5
410005;19-03-2015 11:00:00;10.3
410005;19-03-2015 12:00:00;10.8
410005;19-03-2015 13:00:00;12.0
410005;19-03-2015 14:00:00;12.8
410005;19-03-2015 15:00:00;13.3
410005;19-03-2015 16:00:00;14.0
410005;19-03-2015 17:00:00;14.6
410005;19-03-2015 18:00:00;15.3
410005;19-03-2015 19:00:00;15.6
410005;19-03-2015 20:00:00;15.5
410005;19-03-2015 21:00:00;13.8
410005;19-03-2015 22:00:00;12.7
410005;19-03-2015 23:00:00;12.8
410005;20-03-2015 00:00:00;12.5
410005;20-03-2015 01:00:00;12.0
410005;20-03-2015 02:00:00;11.7
410005;20-03-2015 03:00:00;11.3
410005;20-03-2015 04:00:00;10.3
410005;20-03-2015 05:00:00;9.2
410005;20-03-2015 06:00:00;9.6
410005;20-03-2015 07:00:00;9.5
410005;20-03-2015 08:00:00;9.4
410005;20-03-2015 09:00:00;9.5
410005;20-03-2015 10:00:00;9.8
410005;20-03-2015 11:00:00;8.5
410005;20-03-2015 12:00:00;9.0
410005;20-03-2015 13:00:00;11.7
410005;20-03-2015 14:00:00;12.6
410005;20-03-2015 15:00:00;13.1
410005;20-03-2015 16:00:00;14.7
410005;20-03-2015 17:00:00;14.0
410005;20-03-2015 18:00:00;14.5
410005;20-03-2015 19:00:00;14.4
410005;20-03-2015 20:00:00;14.1
410005;20-03-2015 21:00:00;14.1
410005;20-03-2015 22:00:00;13.1
410005;20-03-2015 23:00:00;11.5
410005;21-03-2015 00:00:00;9.8
410005;21-03-2015 01:00:00;8.3
410005;21-03-2015 02:00:00;7.1
410005;21-03-2015 03:00:00;6.4
410005;21-03-2015 04:00:00;6.7
410005;21-03-2015 05:00:00;8.2
410005;21-03-2015 06:00:00;8.0
410005;21-03-2015 07:00:00;5.1
410005;21-03-2015 08:00:00;4.8
410005;21-03-2015 09:00:00;3.6
410005;21-03-2015 10:00:00;3.9
410005;21-03-2015 11:00:00;4.5
410005;21-03-2015 12:00:00;4.7
410005;21-03-2015 13:00:00;7.5
410005;21-03-2015 14:00:00;11.5
410005;21-03-2015 15:00:00;14.7
410005;21-03-2015 16:00:00;15.6
410005;21-03-2015 17:00:00;15.9
410005;21-03-2015 18:00:00;16.1
410005;21-03-2015 19:00:00;16.5
410005;21-03-2015 20:00:00;16.3
410005;21-03-2015 21:00:00;15.4
410005;21-03-2015 22:00:00;14.7
410005;21-03-2015 23:00:00;11.8
410005;22-03-2015 00:00:00;10.1
410005;22-03-2015 01:00:00;8.5
410005;22-03-2015 02:00:00;7.8
410005;22-03-2015 03:00:00;6.7
410005;22-03-2015 04:00:00;4.9
410005;22-03-2015 05:00:00;4.9
410005;22-03-2015 06:00:00;3.9
410005;22-03-2015 07:00:00;2.5
410005;22-03-2015 08:00:00;3.9
410005;22-03-2015 09:00:00;5.3
410005;22-03-2015 10:00:00;5.4
410005;22-03-2015 11:00:00;5.7
410005;22-03-2015 12:00:00;6.6
410005;22-03-2015 13:00:00;7.6
410005;22-03-2015 14:00:00;9.6
410005;22-03-2015 15:00:00;11.5
410005;22-03-2015 16:00:00;13.1
410005;22-03-2015 17:00:00;15.6
410005;22-03-2015 18:00:00;16.4
410005;22-03-2015 19:00:00;16.7
410005;22-03-2015 20:00:00;16.5
410005;22-03-2015 21:00:00;16.6
410005;22-03-2015 22:00:00;14.9
410005;22-03-2015 23:00:00;12.8
410005;23-03-2015 00:00:00;11.0
410005;23-03-2015 01:00:00;9.2
410005;23-03-2015 02:00:00;7.7
410005;23-03-2015 03:00:00;8.2
410005;23-03-2015 04:00:00;6.2
410005;23-03-2015 05:00:00;5.4
410005;23-03-2015 06:00:00;6.5
410005;23-03-2015 07:00:00;6.1
410005;23-03-2015 08:00:00;7.3
410005;23-03-2015 09:00:00;8.0
410005;23-03-2015 10:00:00;7.0
410005;23-03-2015 11:00:00;7.6
410005;23-03-2015 12:00:00;7.5
410005;23-03-2015 13:00:00;8.4
410005;23-03-2015 14:00:00;10.3
410005;23-03-2015 15:00:00;13.8
410005;23-03-2015 16:00:00;16.9
410005;23-03-2015 17:00:00;19.7
410005;23-03-2015 18:00:00;20.3
410005;23-03-2015 19:00:00;22.1
410005;23-03-2015 20:00:00;20.5
410005;23-03-2015 21:00:00;17.9
410005;23-03-2015 22:00:00;18.4
410005;23-03-2015 23:00:00;16.4
410005;24-03-2015 00:00:00;13.0
410005;24-03-2015 01:00:00;11.2
410005;24-03-2015 02:00:00;9.6
410005;24-03-2015 03:00:00;9.3
410005;24-03-2015 04:00:00;8.8
410005;24-03-2015 05:00:00;7.6
410005;24-03-2015 06:00:00;7.2
410005;24-03-2015 07:00:00;6.9
410005;24-03-2015 08:00:00;6.2
410005;24-03-2015 09:00:00;8.0
410005;24-03-2015 10:00:00;8.8
410005;24-03-2015 11:00:00;6.9
410005;24-03-2015 12:00:00;7.8
410005;24-03-2015 13:00:00;12.4
410005;24-03-2015 14:00:00;16.6
410005;24-03-2015 15:00:00;22.5
410005;24-03-2015 16:00:00;25.4
410005;24-03-2015 17:00:00;25.8
410005;24-03-2015 18:00:00;25.0
410005;24-03-2015 19:00:00;26.3
410005;24-03-2015 20:00:00;26.0
410005;24-03-2015 21:00:00;24.6
410005;24-03-2015 22:00:00;22.9
410005;24-03-2015 23:00:00;19.8
410005;25-03-2015 00:00:00;15.0
410005;25-03-2015 01:00:00;12.9
410005;25-03-2015 02:00:00;12.9
410005;25-03-2015 03:00:00;11.5
410005;25-03-2015 04:00:00;9.7
410005;25-03-2015 05:00:00;8.3
410005;25-03-2015 06:00:00;7.6
410005;25-03-2015 07:00:00;7.0
410005;25-03-2015 08:00:00;6.2
410005;25-03-2015 09:00:00;5.7
410005;25-03-2015 10:00:00;7.2
410005;25-03-2015 11:00:00;5.2
410005;25-03-2015 12:00:00;5.8
410005;25-03-2015 13:00:00;12.0
410005;25-03-2015 14:00:00;17.2
410005;25-03-2015 15:00:00;22.1
410005;25-03-2015 16:00:00;23.8
410005;25-03-2015 17:00:00;24.5
410005;25-03-2015 18:00:00;25.1
410005;25-03-2015 19:00:00;25.2
410005;25-03-2015 20:00:00;23.4
410005;25-03-2015 21:00:00;21.6
410005;25-03-2015 22:00:00;20.7
410005;25-03-2015 23:00:00;18.1
410005;26-03-2015 00:00:00;14.3
410005;26-03-2015 01:00:00;11.5
410005;26-03-2015 02:00:00;9.8
410005;26-03-2015 03:00:00;8.5
410005;26-03-2015 04:00:00;7.5
410005;26-03-2015 05:00:00;6.7
410005;26-03-2015 06:00:00;6.8
410005;26-03-2015 07:00:00;6.2
410005;26-03-2015 08:00:00;5.3
410005;26-03-2015 09:00:00;4.4
410005;26-03-2015 10:00:00;4.1
410005;26-03-2015 11:00:00;5.7
410005;26-03-2015 12:00:00;6.7
410005;26-03-2015 13:00:00;13.8
410005;26-03-2015 14:00:00;19.2
410005;26-03-2015 15:00:00;21.0
410005;26-03-2015 16:00:00;23.1
410005;26-03-2015 17:00:00;24.3
410005;26-03-2015 18:00:00;25.5
410005;26-03-2015 19:00:00;26.1
410005;26-03-2015 20:00:00;27.1
410005;26-03-2015 21:00:00;26.3
410005;26-03-2015 22:00:00;22.5
410005;26-03-2015 23:00:00;19.2
410005;27-03-2015 00:00:00;17.5
410005;27-03-2015 01:00:00;16.1
410005;27-03-2015 02:00:00;14.4
410005;27-03-2015 03:00:00;13.5
410005;27-03-2015 04:00:00;11.4
410005;27-03-2015 05:00:00;12.5
410005;27-03-2015 06:00:00;11.2
410005;27-03-2015 07:00:00;9.8
410005;27-03-2015 08:00:00;8.9
410005;27-03-2015 09:00:00;9.5
410005;27-03-2015 10:00:00;9.3
410005;27-03-2015 11:00:00;9.3
410005;27-03-2015 12:00:00;10.4
410005;27-03-2015 13:00:00;13.0
410005;27-03-2015 14:00:00;15.3
410005;27-03-2015 15:00:00;18.6
410005;27-03-2015 16:00:00;20.2
410005;27-03-2015 17:00:00;19.8
410005;27-03-2015 18:00:00;22.0
410005;27-03-2015 19:00:00;22.4
410005;27-03-2015 20:00:00;22.5
410005;27-03-2015 21:00:00;23.3
410005;27-03-2015 22:00:00;20.0
410005;27-03-2015 23:00:00;17.4
410005;28-03-2015 00:00:00;15.3
410005;28-03-2015 01:00:00;13.4
410005;28-03-2015 02:00:00;13.0
410005;28-03-2015 03:00:00;12.2
410005;28-03-2015 04:00:00;12.3
410005;28-03-2015 05:00:00;11.5
410005;28-03-2015 06:00:00;9.9
410005;28-03-2015 07:00:00;11.2
410005;28-03-2015 08:00:00;11.6
410005;28-03-2015 09:00:00;11.9
410005;28-03-2015 10:00:00;12.0
410005;28-03-2015 11:00:00;12.6
410005;28-03-2015 12:00:00;12.1
410005;28-03-2015 13:00:00;12.5
410005;28-03-2015 14:00:00;13.8
410005;28-03-2015 15:00:00;17.4
410005;28-03-2015 16:00:00;17.9
410005;28-03-2015 17:00:00;18.7
410005;28-03-2015 18:00:00;19.8
410005;28-03-2015 19:00:00;20.5
410005;28-03-2015 20:00:00;20.2
410005;28-03-2015 21:00:00;19.5
410005;28-03-2015 22:00:00;19.0
410005;28-03-2015 23:00:00;17.9
410005;29-03-2015 00:00:00;13.0
410005;29-03-2015 01:00:00;12.1
410005;29-03-2015 02:00:00;12.1
410005;29-03-2015 03:00:00;11.9
410005;29-03-2015 04:00:00;10.4
410005;29-03-2015 05:00:00;10.8
410005;29-03-2015 06:00:00;11.2
410005;29-03-2015 07:00:00;11.3
410005;29-03-2015 08:00:00;11.6
410005;29-03-2015 09:00:00;11.6
410005;29-03-2015 10:00:00;11.2
410005;29-03-2015 11:00:00;11.0
410005;29-03-2015 12:00:00;11.2
410005;29-03-2015 13:00:00;12.2
410005;29-03-2015 14:00:00;13.3
410005;29-03-2015 15:00:00;13.3
410005;29-03-2015 16:00:00;15.2
410005;29-03-2015 17:00:00;15.8
410005;29-03-2015 18:00:00;15.8
410005;29-03-2015 19:00:00;15.2
410005;29-03-2015 20:00:00;13.9
410005;29-03-2015 21:00:00;14.7
410005;29-03-2015 22:00:00;12.3
410005;29-03-2015 23:00:00;11.7
410005;30-03-2015 00:00:00;11.5
410005;30-03-2015 01:00:00;11.1
410005;30-03-2015 02:00:00;11.2
410005;30-03-2015 03:00:00;10.9
410005;30-03-2015 04:00:00;10.6
410005;30-03-2015 05:00:00;10.4
410005;30-03-2015 06:00:00;10.3
410005;30-03-2015 07:00:00;10.1
410005;30-03-2015 08:00:00;10.0
410005;30-03-2015 09:00:00;9.7
410005;30-03-2015 10:00:00;9.7
410005;30-03-2015 11:00:00;9.4
410005;30-03-2015 12:00:00;9.9
410005;30-03-2015 13:00:00;11.2
410005;30-03-2015 14:00:00;12.8
410005;30-03-2015 15:00:00;13.5
410005;30-03-2015 16:00:00;14.2
410005;30-03-2015 17:00:00;13.9
410005;30-03-2015 18:00:00;14.3
410005;30-03-2015 19:00:00;15.6
410005;30-03-2015 20:00:00;15.4
410005;30-03-2015 21:00:00;14.4
410005;30-03-2015 22:00:00;13.9
410005;30-03-2015 23:00:00;13.3
410005;31-03-2015 00:00:00;11.9
410005;31-03-2015 01:00:00;10.7
410005;31-03-2015 02:00:00;9.1
410005;31-03-2015 03:00:00;8.4
410005;31-03-2015 04:00:00;9.3
410005;31-03-2015 05:00:00;9.5
410005;31-03-2015 06:00:00;9.7
410005;31-03-2015 07:00:00;9.9
410005;31-03-2015 08:00:00;10.0
410005;31-03-2015 09:00:00;9.8
410005;31-03-2015 10:00:00;10.0
410005;31-03-2015 11:00:00;10.3
410005;31-03-2015 12:00:00;10.4
410005;31-03-2015 13:00:00;11.0
410005;31-03-2015 14:00:00;12.9
410005;31-03-2015 15:00:00;15.3
410005;31-03-2015 16:00:00;16.3
410005;31-03-2015 17:00:00;14.9
410005;31-03-2015 18:00:00;14.2
410005;31-03-2015 19:00:00;15.8
410005;31-03-2015 20:00:00;16.6
410005;31-03-2015 21:00:00;17.8
410005;31-03-2015 22:00:00;16.2
410005;31-03-2015 23:00:00;15.5
410005;01-04-2015 00:00:00;14.3
410005;01-04-2015 01:00:00;14.0
410005;01-04-2015 02:00:00;13.5
410005;01-04-2015 03:00:00;13.5
410005;01-04-2015 04:00:00;13.4
410005;01-04-2015 05:00:00;13.6
410005;01-04-2015 06:00:00;13.3
410005;01-04-2015 07:00:00;13.1
410005;01-04-2015 08:00:00;12.5
410005;01-04-2015 09:00:00;12.1
410005;01-04-2015 10:00:00;12.0
410005;01-04-2015 11:00:00;12.2
410005;01-04-2015 12:00:00;11.6
410005;01-04-2015 13:00:00;11.8
410005;01-04-2015 14:00:00;11.9
410005;01-04-2015 15:00:00;11.7
410005;01-04-2015 16:00:00;12.8
410005;01-04-2015 17:00:00;13.7
410005;01-04-2015 18:00:00;13.9
410005;01-04-2015 19:00:00;14.2
410005;01-04-2015 20:00:00;13.9
410005;01-04-2015 21:00:00;14.3
410005;01-04-2015 22:00:00;13.5
410005;01-04-2015 23:00:00;11.6
410005;02-04-2015 00:00:00;8.4
410005;02-04-2015 01:00:00;7.3
410005;02-04-2015 02:00:00;6.4
410005;02-04-2015 03:00:00;4.9
410005;02-04-2015 04:00:00;5.8
410005;02-04-2015 05:00:00;5.3
410005;02-04-2015 06:00:00;4.7
410005;02-04-2015 07:00:00;5.4
410005;02-04-2015 08:00:00;7.0
410005;02-04-2015 09:00:00;6.6
410005;02-04-2015 10:00:00;6.8
410005;02-04-2015 11:00:00;7.4
410005;02-04-2015 12:00:00;7.6
410005;02-04-2015 13:00:00;7.6
410005;02-04-2015 14:00:00;8.6
410005;02-04-2015 15:00:00;9.5
410005;02-04-2015 16:00:00;10.9
410005;02-04-2015 17:00:00;12.5
410005;02-04-2015 18:00:00;13.9
410005;02-04-2015 19:00:00;14.4
410005;02-04-2015 20:00:00;14.5
410005;02-04-2015 21:00:00;14.6
410005;02-04-2015 22:00:00;14.0
410005;02-04-2015 23:00:00;12.9
410005;03-04-2015 00:00:00;12.1
410005;03-04-2015 01:00:00;12.0
410005;03-04-2015 02:00:00;12.2
410005;03-04-2015 03:00:00;11.9
410005;03-04-2015 04:00:00;12.0
410005;03-04-2015 05:00:00;12.1
410005;03-04-2015 06:00:00;12.1
410005;03-04-2015 07:00:00;11.9
410005;03-04-2015 08:00:00;11.6
410005;03-04-2015 09:00:00;11.5
410005;03-04-2015 10:00:00;11.6
410005;03-04-2015 11:00:00;11.8
410005;03-04-2015 12:00:00;12.1
410005;03-04-2015 13:00:00;12.5
410005;03-04-2015 14:00:00;13.0
410005;03-04-2015 15:00:00;13.8
410005;03-04-2015 16:00:00;14.6
410005;03-04-2015 17:00:00;15.1
410005;03-04-2015 18:00:00;15.4
410005;03-04-2015 19:00:00;15.8
410005;03-04-2015 20:00:00;14.6
410005;03-04-2015 21:00:00;14.3
410005;03-04-2015 22:00:00;14.2
410005;03-04-2015 23:00:00;14.0
410005;04-04-2015 00:00:00;13.8
410005;04-04-2015 01:00:00;13.9
410005;04-04-2015 02:00:00;13.9
410005;04-04-2015 03:00:00;13.8
410005;04-04-2015 04:00:00;13.8
410005;04-04-2015 05:00:00;12.5
410005;04-04-2015 06:00:00;11.8
410005;04-04-2015 07:00:00;11.5
410005;04-04-2015 08:00:00;11.3
410005;04-04-2015 09:00:00;11.2
410005;04-04-2015 10:00:00;10.9
410005;04-04-2015 11:00:00;10.6
410005;04-04-2015 12:00:00;10.4
410005;04-04-2015 13:00:00;10.7
410005;04-04-2015 14:00:00;11.4
410005;04-04-2015 15:00:00;12.3
410005;04-04-2015 16:00:00;12.6
410005;04-04-2015 17:00:00;13.0
410005;04-04-2015 18:00:00;13.0
410005;04-04-2015 19:00:00;13.4
410005;04-04-2015 20:00:00;13.2
410005;04-04-2015 21:00:00;12.8
410005;04-04-2015 22:00:00;11.9
410005;04-04-2015 23:00:00;11.5
410005;05-04-2015 00:00:00;11.6
410005;05-04-2015 01:00:00;11.8
410005;05-04-2015 02:00:00;10.3
410005;05-04-2015 03:00:00;9.3
410005;05-04-2015 04:00:00;9.5
410005;05-04-2015 05:00:00;9.5
410005;05-04-2015 06:00:00;9.0
410005;05-04-2015 07:00:00;9.2
410005;05-04-2015 08:00:00;9.0
410005;05-04-2015 09:00:00;8.9
410005;05-04-2015 10:00:00;8.6
410005;05-04-2015 11:00:00;9.0
410005;05-04-2015 12:00:00;9.7
410005;05-04-2015 13:00:00;10.9
410005;05-04-2015 14:00:00;12.0
410005;05-04-2015 15:00:00;13.5
410005;05-04-2015 16:00:00;14.7
410005;05-04-2015 17:00:00;15.8
410005;05-04-2015 18:00:00;17.4
410005;05-04-2015 19:00:00;18.5
410005;05-04-2015 20:00:00;16.9
410005;05-04-2015 21:00:00;15.9
410005;05-04-2015 22:00:00;15.0
410005;05-04-2015 23:00:00;13.2
410005;06-04-2015 00:00:00;10.6
410005;06-04-2015 01:00:00;9.9
410005;06-04-2015 02:00:00;8.8
410005;06-04-2015 03:00:00;8.4
410005;06-04-2015 04:00:00;7.6
410005;06-04-2015 05:00:00;7.2
410005;06-04-2015 06:00:00;6.6
410005;06-04-2015 07:00:00;6.3
410005;06-04-2015 08:00:00;6.3
410005;06-04-2015 09:00:00;6.1
410005;06-04-2015 10:00:00;7.2
410005;06-04-2015 11:00:00;6.5
410005;06-04-2015 12:00:00;6.8
410005;06-04-2015 13:00:00;11.3
410005;06-04-2015 14:00:00;12.9
410005;06-04-2015 15:00:00;17.7
410005;06-04-2015 16:00:00;18.6
410005;06-04-2015 17:00:00;20.6
410005;06-04-2015 18:00:00;21.3
410005;06-04-2015 19:00:00;22.7
410005;06-04-2015 20:00:00;22.7
410005;06-04-2015 21:00:00;22.0
410005;06-04-2015 22:00:00;20.8
410005;06-04-2015 23:00:00;18.0
410005;07-04-2015 00:00:00;16.3
410005;07-04-2015 01:00:00;15.5
410005;07-04-2015 02:00:00;13.9
410005;07-04-2015 03:00:00;13.5
410005;07-04-2015 04:00:00;13.1
410005;07-04-2015 05:00:00;13.4
410005;07-04-2015 06:00:00;13.8
410005;07-04-2015 07:00:00;13.3
410005;07-04-2015 08:00:00;13.2
410005;07-04-2015 09:00:00;12.9
410005;07-04-2015 10:00:00;13.4
410005;07-04-2015 11:00:00;13.6
410005;07-04-2015 12:00:00;14.3
410005;07-04-2015 13:00:00;14.6
410005;07-04-2015 14:00:00;15.5
410005;07-04-2015 15:00:00;16.5
410005;07-04-2015 16:00:00;17.1
410005;07-04-2015 17:00:00;18.3
410005;07-04-2015 18:00:00;18.5
410005;07-04-2015 19:00:00;18.5
410005;07-04-2015 20:00:00;18.4
410005;07-04-2015 21:00:00;18.2
410005;07-04-2015 22:00:00;17.5
410005;07-04-2015 23:00:00;16.5
410005;08-04-2015 00:00:00;15.7
410005;08-04-2015 01:00:00;16.2
410005;08-04-2015 02:00:00;15.8
410005;08-04-2015 03:00:00;15.5
410005;08-04-2015 04:00:00;15.1
410005;08-04-2015 05:00:00;14.9
410005;08-04-2015 06:00:00;15.1
410005;08-04-2015 07:00:00;15.2
410005;08-04-2015 08:00:00;14.9
410005;08-04-2015 09:00:00;14.9
410005;08-04-2015 10:00:00;15.1
410005;08-04-2015 11:00:00;15.0
410005;08-04-2015 12:00:00;14.9
410005;08-04-2015 13:00:00;15.3
410005;08-04-2015 14:00:00;15.8
410005;08-04-2015 15:00:00;16.7
410005;08-04-2015 16:00:00;17.9
410005;08-04-2015 17:00:00;19.3
410005;08-04-2015 18:00:00;18.9
410005;08-04-2015 19:00:00;19.1
410005;08-04-2015 20:00:00;17.4
410005;08-04-2015 21:00:00;16.0
410005;08-04-2015 22:00:00;16.4
410005;08-04-2015 23:00:00;15.2
410005;09-04-2015 00:00:00;13.6
410005;09-04-2015 01:00:00;11.3
410005;09-04-2015 02:00:00;9.9
410005;09-04-2015 03:00:00;9.1
410005;09-04-2015 04:00:00;8.4
410005;09-04-2015 05:00:00;8.2
410005;09-04-2015 06:00:00;7.7
410005;09-04-2015 07:00:00;7.3
410005;09-04-2015 08:00:00;7.3
410005;09-04-2015 09:00:00;8.9
410005;09-04-2015 10:00:00;9.7
410005;09-04-2015 11:00:00;9.5
410005;09-04-2015 12:00:00;9.5
410005;09-04-2015 13:00:00;10.6
410005;09-04-2015 14:00:00;12.4
410005;09-04-2015 15:00:00;13.4
410005;09-04-2015 16:00:00;15.4
410005;09-04-2015 17:00:00;16.8
410005;09-04-2015 18:00:00;17.3
410005;09-04-2015 19:00:00;17.1
410005;09-04-2015 20:00:00;17.1
410005;09-04-2015 21:00:00;17.1
410005;09-04-2015 22:00:00;16.4
410005;09-04-2015 23:00:00;13.8
410005;10-04-2015 00:00:00;12.6
410005;10-04-2015 01:00:00;11.6
410005;10-04-2015 02:00:00;10.3
410005;10-04-2015 03:00:00;10.8
410005;10-04-2015 04:00:00;10.6
410005;10-04-2015 05:00:00;11.0
410005;10-04-2015 06:00:00;11.7
410005;10-04-2015 07:00:00;12.1
410005;10-04-2015 08:00:00;12.1
410005;10-04-2015 09:00:00;11.8
410005;10-04-2015 10:00:00;12.1
410005;10-04-2015 11:00:00;11.2
410005;10-04-2015 12:00:00;10.8
410005;10-04-2015 13:00:00;12.2
410005;10-04-2015 14:00:00;15.8
410005;10-04-2015 15:00:00;16.8
410005;10-04-2015 16:00:00;17.4
410005;10-04-2015 17:00:00;17.4
410005;10-04-2015 18:00:00;18.9
410005;10-04-2015 19:00:00;17.6
410005;10-04-2015 20:00:00;16.9
410005;10-04-2015 21:00:00;16.8
410005;10-04-2015 22:00:00;15.3
410005;10-04-2015 23:00:00;13.5
410005;11-04-2015 00:00:00;11.5
410005;11-04-2015 01:00:00;10.7
410005;11-04-2015 02:00:00;9.5
410005;11-04-2015 03:00:00;7.8
410005;11-04-2015 04:00:00;8.1
410005;11-04-2015 05:00:00;6.2
410005;11-04-2015 06:00:00;6.9
410005;11-04-2015 07:00:00;7.5
410005;11-04-2015 08:00:00;7.5
410005;11-04-2015 09:00:00;7.9
410005;11-04-2015 10:00:00;8.2
410005;11-04-2015 11:00:00;8.3
410005;11-04-2015 12:00:00;8.5
410005;11-04-2015 13:00:00;9.4
410005;11-04-2015 14:00:00;10.2
410005;11-04-2015 15:00:00;10.8
410005;11-04-2015 16:00:00;12.0
410005;11-04-2015 17:00:00;15.1
410005;11-04-2015 18:00:00;18.3
410005;11-04-2015 19:00:00;20.0
410005;11-04-2015 20:00:00;21.2
410005;11-04-2015 21:00:00;21.7
410005;11-04-2015 22:00:00;18.2
410005;11-04-2015 23:00:00;15.2
410005;12-04-2015 00:00:00;14.1
410005;12-04-2015 01:00:00;12.3
410005;12-04-2015 02:00:00;12.2
410005;12-04-2015 03:00:00;11.9
410005;12-04-2015 04:00:00;13.2
410005;12-04-2015 05:00:00;11.9
410005;12-04-2015 06:00:00;11.1
410005;12-04-2015 07:00:00;11.4
410005;12-04-2015 08:00:00;12.9
410005;12-04-2015 09:00:00;12.5
410005;12-04-2015 10:00:00;12.1
410005;12-04-2015 11:00:00;12.5
410005;12-04-2015 12:00:00;12.1
410005;12-04-2015 13:00:00;13.3
410005;12-04-2015 14:00:00;14.3
410005;12-04-2015 15:00:00;15.0
410005;12-04-2015 16:00:00;15.6
410005;12-04-2015 17:00:00;14.9
410005;12-04-2015 18:00:00;14.8
410005;12-04-2015 19:00:00;14.6
410005;12-04-2015 20:00:00;13.9
410005;12-04-2015 21:00:00;13.5
410005;12-04-2015 22:00:00;14.1
410005;12-04-2015 23:00:00;13.5
410005;13-04-2015 00:00:00;12.9
410005;13-04-2015 01:00:00;13.3
410005;13-04-2015 02:00:00;12.6
410005;13-04-2015 03:00:00;12.4
410005;13-04-2015 04:00:00;12.5
410005;13-04-2015 05:00:00;12.4
410005;13-04-2015 06:00:00;11.0
410005;13-04-2015 07:00:00;10.6
410005;13-04-2015 08:00:00;10.2
410005;13-04-2015 09:00:00;10.8
410005;13-04-2015 10:00:00;11.1
410005;13-04-2015 11:00:00;10.0
410005;13-04-2015 12:00:00;10.0
410005;13-04-2015 13:00:00;10.9
410005;13-04-2015 14:00:00;12.1
410005;13-04-2015 15:00:00;14.4
410005;13-04-2015 16:00:00;12.2
410005;13-04-2015 17:00:00;13.1
410005;13-04-2015 18:00:00;14.0
410005;13-04-2015 19:00:00;14.6
410005;13-04-2015 20:00:00;14.6
410005;13-04-2015 21:00:00;13.7
410005;13-04-2015 22:00:00;12.3
410005;13-04-2015 23:00:00;10.8
410005;14-04-2015 00:00:00;10.0
410005;14-04-2015 01:00:00;9.5
410005;14-04-2015 02:00:00;8.3
410005;14-04-2015 03:00:00;6.8
410005;14-04-2015 04:00:00;6.4
410005;14-04-2015 05:00:00;7.3
410005;14-04-2015 06:00:00;7.8
410005;14-04-2015 07:00:00;6.4
410005;14-04-2015 08:00:00;7.2
410005;14-04-2015 09:00:00;7.3
410005;14-04-2015 10:00:00;7.7
410005;14-04-2015 11:00:00;6.6
410005;14-04-2015 12:00:00;6.7
410005;14-04-2015 13:00:00;8.4
410005;14-04-2015 14:00:00;11.1
410005;14-04-2015 15:00:00;13.0
410005;14-04-2015 16:00:00;13.5
410005;14-04-2015 17:00:00;13.9
410005;14-04-2015 18:00:00;14.5
410005;14-04-2015 19:00:00;13.3
410005;14-04-2015 20:00:00;13.3
410005;14-04-2015 21:00:00;12.9
410005;14-04-2015 22:00:00;11.9
410005;14-04-2015 23:00:00;10.6
410005;15-04-2015 00:00:00;9.2
410005;15-04-2015 01:00:00;9.6
410005;15-04-2015 02:00:00;8.9
410005;15-04-2015 03:00:00;7.7
410005;15-04-2015 04:00:00;7.6
410005;15-04-2015 05:00:00;7.4
410005;15-04-2015 06:00:00;7.3
410005;15-04-2015 07:00:00;7.3
410005;15-04-2015 08:00:00;7.3
410005;15-04-2015 09:00:00;7.2
410005;15-04-2015 10:00:00;7.3
410005;15-04-2015 11:00:00;7.1
410005;15-04-2015 12:00:00;7.2
410005;15-04-2015 13:00:00;8.1
410005;15-04-2015 14:00:00;9.3
410005;15-04-2015 15:00:00;10.8
410005;15-04-2015 16:00:00;12.2
410005;15-04-2015 17:00:00;12.7
410005;15-04-2015 18:00:00;12.6
410005;15-04-2015 19:00:00;12.9
410005;15-04-2015 20:00:00;13.0
410005;15-04-2015 21:00:00;12.4
410005;15-04-2015 22:00:00;11.2
410005;15-04-2015 23:00:00;10.7
410005;16-04-2015 00:00:00;10.2
410005;16-04-2015 01:00:00;10.0
410005;16-04-2015 02:00:00;9.8
410005;16-04-2015 03:00:00;9.3
410005;16-04-2015 04:00:00;9.0
410005;16-04-2015 05:00:00;8.6
410005;16-04-2015 06:00:00;8.6
410005;16-04-2015 07:00:00;7.6
410005;16-04-2015 08:00:00;7.1
410005;16-04-2015 09:00:00;5.8
410005;16-04-2015 10:00:00;5.3
410005;16-04-2015 11:00:00;4.8
410005;16-04-2015 12:00:00;4.4
410005;16-04-2015 13:00:00;6.3
410005;16-04-2015 14:00:00;9.7
410005;16-04-2015 15:00:00;12.9
410005;16-04-2015 16:00:00;14.1
410005;16-04-2015 17:00:00;14.1
410005;16-04-2015 18:00:00;13.9
410005;16-04-2015 19:00:00;13.8
410005;16-04-2015 20:00:00;13.9
410005;16-04-2015 21:00:00;12.9
410005;16-04-2015 22:00:00;12.3
410005;16-04-2015 23:00:00;11.3
410005;17-04-2015 00:00:00;10.1
410005;17-04-2015 01:00:00;9.8
410005;17-04-2015 02:00:00;9.7
410005;17-04-2015 03:00:00;9.0
410005;17-04-2015 04:00:00;8.5
410005;17-04-2015 05:00:00;7.1
410005;17-04-2015 06:00:00;6.8
410005;17-04-2015 07:00:00;5.7
410005;17-04-2015 08:00:00;5.7
410005;17-04-2015 09:00:00;6.2
410005;17-04-2015 10:00:00;7.5
410005;17-04-2015 11:00:00;8.3
410005;17-04-2015 12:00:00;9.3
410005;17-04-2015 13:00:00;9.9
410005;17-04-2015 14:00:00;10.0
410005;17-04-2015 15:00:00;11.3
410005;17-04-2015 16:00:00;11.9
410005;17-04-2015 17:00:00;13.3
410005;17-04-2015 18:00:00;14.7
410005;17-04-2015 19:00:00;14.6
410005;17-04-2015 20:00:00;14.4
410005;17-04-2015 21:00:00;14.5
410005;17-04-2015 22:00:00;13.4
410005;17-04-2015 23:00:00;12.6
410005;18-04-2015 00:00:00;11.5
410005;18-04-2015 01:00:00;11.1
410005;18-04-2015 02:00:00;11.3
410005;18-04-2015 03:00:00;11.3
410005;18-04-2015 04:00:00;11.8
410005;18-04-2015 05:00:00;11.6
410005;18-04-2015 06:00:00;11.2
410005;18-04-2015 07:00:00;11.7
410005;18-04-2015 08:00:00;12.1
410005;18-04-2015 09:00:00;11.7
410005;18-04-2015 10:00:00;12.2
410005;18-04-2015 11:00:00;12.6
410005;18-04-2015 12:00:00;12.1
410005;18-04-2015 13:00:00;11.9
410005;18-04-2015 14:00:00;11.3
410005;18-04-2015 15:00:00;11.4
410005;18-04-2015 16:00:00;11.5
410005;18-04-2015 17:00:00;11.6
410005;18-04-2015 18:00:00;11.9
410005;18-04-2015 19:00:00;12.2
410005;18-04-2015 20:00:00;11.7
410005;18-04-2015 21:00:00;12.8
410005;18-04-2015 22:00:00;11.9
410005;18-04-2015 23:00:00;11.0
410005;19-04-2015 00:00:00;10.6
410005;19-04-2015 01:00:00;10.2
410005;19-04-2015 02:00:00;9.4
410005;19-04-2015 03:00:00;8.8
410005;19-04-2015 04:00:00;8.9
410005;19-04-2015 05:00:00;9.3
410005;19-04-2015 06:00:00;9.8
410005;19-04-2015 07:00:00;9.7
410005;19-04-2015 08:00:00;9.5
410005;19-04-2015 09:00:00;9.6
410005;19-04-2015 10:00:00;8.9
410005;19-04-2015 11:00:00;7.4
410005;19-04-2015 12:00:00;7.0
410005;19-04-2015 13:00:00;8.8
410005;19-04-2015 14:00:00;10.6
410005;19-04-2015 15:00:00;11.1
410005;19-04-2015 16:00:00;12.4
410005;19-04-2015 17:00:00;13.5
410005;19-04-2015 18:00:00;12.9
410005;19-04-2015 19:00:00;13.0
410005;19-04-2015 20:00:00;12.3
410005;19-04-2015 21:00:00;12.1
410005;19-04-2015 22:00:00;11.6
410005;19-04-2015 23:00:00;10.8
410005;20-04-2015 00:00:00;10.9
410005;20-04-2015 01:00:00;10.4
410005;20-04-2015 02:00:00;10.1
410005;20-04-2015 03:00:00;9.2
410005;20-04-2015 04:00:00;9.7
410005;20-04-2015 05:00:00;9.0
410005;20-04-2015 06:00:00;8.8
410005;20-04-2015 07:00:00;8.6
410005;20-04-2015 08:00:00;8.6
410005;20-04-2015 09:00:00;8.2
410005;20-04-2015 10:00:00;7.9
410005;20-04-2015 11:00:00;7.9
410005;20-04-2015 12:00:00;7.8
410005;20-04-2015 13:00:00;8.3
410005;20-04-2015 14:00:00;9.3
410005;20-04-2015 15:00:00;9.8
410005;20-04-2015 16:00:00;10.4
410005;20-04-2015 17:00:00;10.9
410005;20-04-2015 18:00:00;10.6
410005;20-04-2015 19:00:00;10.9
410005;20-04-2015 20:00:00;10.6
410005;20-04-2015 21:00:00;10.5
410005;20-04-2015 22:00:00;9.7
410005;20-04-2015 23:00:00;6.8
410005;21-04-2015 00:00:00;5.4
410005;21-04-2015 01:00:00;4.8
410005;21-04-2015 02:00:00;4.9
410005;21-04-2015 03:00:00;4.1
410005;21-04-2015 04:00:00;4.5
410005;21-04-2015 05:00:00;5.0
410005;21-04-2015 06:00:00;4.8
410005;21-04-2015 07:00:00;5.7
410005;21-04-2015 08:00:00;3.6
410005;21-04-2015 09:00:00;4.2
410005;21-04-2015 10:00:00;1.8
410005;21-04-2015 11:00:00;1.9
410005;21-04-2015 12:00:00;2.5
410005;21-04-2015 13:00:00;3.7
410005;21-04-2015 14:00:00;8.1
410005;21-04-2015 15:00:00;10.5
410005;21-04-2015 16:00:00;11.5
410005;21-04-2015 17:00:00;12.3
410005;21-04-2015 18:00:00;12.0
410005;21-04-2015 19:00:00;12.1
410005;21-04-2015 20:00:00;12.1
410005;21-04-2015 21:00:00;11.4
410005;21-04-2015 22:00:00;10.0
410005;21-04-2015 23:00:00;7.7
410005;22-04-2015 00:00:00;6.8
410005;22-04-2015 01:00:00;6.2
410005;22-04-2015 02:00:00;5.9
410005;22-04-2015 03:00:00;4.9
410005;22-04-2015 04:00:00;3.7
410005;22-04-2015 05:00:00;2.3
410005;22-04-2015 06:00:00;1.4
410005;22-04-2015 07:00:00;1.5
410005;22-04-2015 08:00:00;2.0
410005;22-04-2015 09:00:00;2.6
410005;22-04-2015 10:00:00;2.5
410005;22-04-2015 11:00:00;2.2
410005;22-04-2015 12:00:00;2.0
410005;22-04-2015 13:00:00;3.1
410005;22-04-2015 14:00:00;5.7
410005;22-04-2015 15:00:00;8.2
410005;22-04-2015 16:00:00;11.5
410005;22-04-2015 17:00:00;14.2
410005;22-04-2015 18:00:00;14.9
410005;22-04-2015 19:00:00;13.9
410005;22-04-2015 20:00:00;13.8
410005;22-04-2015 21:00:00;12.8
410005;22-04-2015 22:00:00;11.7
410005;22-04-2015 23:00:00;9.9
410005;23-04-2015 00:00:00;8.7
410005;23-04-2015 01:00:00;8.5
410005;23-04-2015 02:00:00;8.3
410005;23-04-2015 03:00:00;8.0
410005;23-04-2015 04:00:00;6.8
410005;23-04-2015 05:00:00;5.2
410005;23-04-2015 06:00:00;4.0
410005;23-04-2015 07:00:00;2.8
410005;23-04-2015 08:00:00;2.5
410005;23-04-2015 09:00:00;2.0
410005;23-04-2015 10:00:00;1.9
410005;23-04-2015 11:00:00;1.7
410005;23-04-2015 12:00:00;2.2
410005;23-04-2015 13:00:00;4.2
410005;23-04-2015 14:00:00;6.7
410005;23-04-2015 15:00:00;9.1
410005;23-04-2015 16:00:00;11.7
410005;23-04-2015 17:00:00;14.8
410005;23-04-2015 18:00:00;15.5
410005;23-04-2015 19:00:00;15.7
410005;23-04-2015 20:00:00;14.4
410005;23-04-2015 21:00:00;13.5
410005;23-04-2015 22:00:00;12.7
410005;23-04-2015 23:00:00;9.8
410005;24-04-2015 00:00:00;8.2
410005;24-04-2015 01:00:00;6.8
410005;24-04-2015 02:00:00;5.5
410005;24-04-2015 03:00:00;5.4
410005;24-04-2015 04:00:00;5.2
410005;24-04-2015 05:00:00;5.1
410005;24-04-2015 06:00:00;5.7
410005;24-04-2015 07:00:00;6.9
410005;24-04-2015 08:00:00;8.0
410005;24-04-2015 09:00:00;8.2
410005;24-04-2015 10:00:00;8.6
410005;24-04-2015 11:00:00;8.9
410005;24-04-2015 12:00:00;9.3
410005;24-04-2015 13:00:00;9.8
410005;24-04-2015 14:00:00;12.7
410005;24-04-2015 15:00:00;14.4
410005;24-04-2015 16:00:00;16.1
410005;24-04-2015 17:00:00;17.3
410005;24-04-2015 18:00:00;18.9
410005;24-04-2015 19:00:00;18.9
410005;24-04-2015 20:00:00;18.4
410005;24-04-2015 21:00:00;17.0
410005;24-04-2015 22:00:00;14.6
410005;24-04-2015 23:00:00;12.4
410005;25-04-2015 00:00:00;10.4
410005;25-04-2015 01:00:00;9.3
410005;25-04-2015 02:00:00;9.0
410005;25-04-2015 03:00:00;7.3
410005;25-04-2015 04:00:00;6.4
410005;25-04-2015 05:00:00;6.4
410005;25-04-2015 06:00:00;7.4
410005;25-04-2015 07:00:00;6.5
410005;25-04-2015 08:00:00;5.2
410005;25-04-2015 09:00:00;5.1
410005;25-04-2015 10:00:00;7.3
410005;25-04-2015 11:00:00;7.6
410005;25-04-2015 12:00:00;8.5
410005;25-04-2015 13:00:00;9.5
410005;25-04-2015 14:00:00;11.5
410005;25-04-2015 15:00:00;13.3
410005;25-04-2015 16:00:00;14.3
410005;25-04-2015 17:00:00;14.9
410005;25-04-2015 18:00:00;15.0
410005;25-04-2015 19:00:00;15.6
410005;25-04-2015 20:00:00;14.8
410005;25-04-2015 21:00:00;14.6
410005;25-04-2015 22:00:00;12.5
410005;25-04-2015 23:00:00;11.0
410005;26-04-2015 00:00:00;9.8
410005;26-04-2015 01:00:00;8.8
410005;26-04-2015 02:00:00;7.4
410005;26-04-2015 03:00:00;7.5
410005;26-04-2015 04:00:00;5.9
410005;26-04-2015 05:00:00;5.3
410005;26-04-2015 06:00:00;4.9
410005;26-04-2015 07:00:00;5.9
410005;26-04-2015 08:00:00;6.4
410005;26-04-2015 09:00:00;6.7
410005;26-04-2015 10:00:00;7.0
410005;26-04-2015 11:00:00;7.2
410005;26-04-2015 12:00:00;7.4
410005;26-04-2015 13:00:00;7.9
410005;26-04-2015 14:00:00;8.9
410005;26-04-2015 15:00:00;10.3
410005;26-04-2015 16:00:00;11.7
410005;26-04-2015 17:00:00;12.1
410005;26-04-2015 18:00:00;12.8
410005;26-04-2015 19:00:00;12.9
410005;26-04-2015 20:00:00;12.9
410005;26-04-2015 21:00:00;12.2
410005;26-04-2015 22:00:00;11.9
410005;26-04-2015 23:00:00;11.3
410005;27-04-2015 00:00:00;11.1
410005;27-04-2015 01:00:00;11.0
410005;27-04-2015 02:00:00;11.0
410005;27-04-2015 03:00:00;10.8
410005;27-04-2015 04:00:00;10.8
410005;27-04-2015 05:00:00;10.8
410005;27-04-2015 06:00:00;10.6
410005;27-04-2015 07:00:00;9.6
410005;27-04-2015 08:00:00;8.5
410005;27-04-2015 09:00:00;8.0
410005;27-04-2015 10:00:00;7.3
410005;27-04-2015 11:00:00;6.9
410005;27-04-2015 12:00:00;7.4
410005;27-04-2015 13:00:00;8.6
410005;27-04-2015 14:00:00;9.8
410005;27-04-2015 15:00:00;10.9
410005;27-04-2015 16:00:00;11.9
410005;27-04-2015 17:00:00;14.2
410005;27-04-2015 18:00:00;17.0
410005;27-04-2015 19:00:00;18.1
410005;27-04-2015 20:00:00;16.2
410005;27-04-2015 21:00:00;15.3
410005;27-04-2015 22:00:00;13.9
410005;27-04-2015 23:00:00;12.9
410005;28-04-2015 00:00:00;12.8
410005;28-04-2015 01:00:00;12.8
410005;28-04-2015 02:00:00;12.5
410005;28-04-2015 03:00:00;12.8
410005;28-04-2015 04:00:00;12.4
410005;28-04-2015 05:00:00;11.9
410005;28-04-2015 06:00:00;12.8
410005;28-04-2015 07:00:00;11.8
410005;28-04-2015 08:00:00;11.8
410005;28-04-2015 09:00:00;11.7
410005;28-04-2015 10:00:00;11.8
410005;28-04-2015 11:00:00;12.0
410005;28-04-2015 12:00:00;12.0
410005;28-04-2015 13:00:00;12.1
410005;28-04-2015 14:00:00;12.5
410005;28-04-2015 15:00:00;13.3
410005;28-04-2015 16:00:00;13.2
410005;28-04-2015 17:00:00;13.9
410005;28-04-2015 18:00:00;13.8
410005;28-04-2015 19:00:00;13.5
410005;28-04-2015 20:00:00;12.9
410005;28-04-2015 21:00:00;12.3
410005;28-04-2015 22:00:00;12.2
410005;28-04-2015 23:00:00;11.3
410005;29-04-2015 00:00:00;11.3
410005;29-04-2015 01:00:00;10.7
410005;29-04-2015 02:00:00;10.5
410005;29-04-2015 03:00:00;10.2
410005;29-04-2015 04:00:00;9.9
410005;29-04-2015 05:00:00;9.8
410005;29-04-2015 06:00:00;9.9
410005;29-04-2015 07:00:00;9.4
410005;29-04-2015 08:00:00;8.9
410005;29-04-2015 09:00:00;9.1
410005;29-04-2015 10:00:00;8.4
410005;29-04-2015 11:00:00;7.2
410005;29-04-2015 12:00:00;5.7
410005;29-04-2015 13:00:00;6.4
410005;29-04-2015 14:00:00;8.5
410005;29-04-2015 15:00:00;10.8
410005;29-04-2015 16:00:00;12.9
410005;29-04-2015 17:00:00;14.1
410005;29-04-2015 18:00:00;14.2
410005;29-04-2015 19:00:00;14.4
410005;29-04-2015 20:00:00;14.0
410005;29-04-2015 21:00:00;12.7
410005;29-04-2015 22:00:00;11.3
410005;29-04-2015 23:00:00;10.0
410005;30-04-2015 00:00:00;8.6
410005;30-04-2015 01:00:00;7.8
410005;30-04-2015 02:00:00;6.9
410005;30-04-2015 03:00:00;5.3
410005;30-04-2015 04:00:00;5.2
410005;30-04-2015 05:00:00;4.6
410005;30-04-2015 06:00:00;5.7
410005;30-04-2015 07:00:00;5.9
410005;30-04-2015 08:00:00;6.8
410005;30-04-2015 09:00:00;7.2
410005;30-04-2015 10:00:00;7.1
410005;30-04-2015 11:00:00;7.0
410005;30-04-2015 12:00:00;6.1
410005;30-04-2015 13:00:00;7.3
410005;30-04-2015 14:00:00;9.9
410005;30-04-2015 15:00:00;13.1
410005;30-04-2015 16:00:00;13.8
410005;30-04-2015 17:00:00;14.1
410005;30-04-2015 18:00:00;15.2
410005;30-04-2015 19:00:00;16.0
410005;30-04-2015 20:00:00;15.8
410005;30-04-2015 21:00:00;15.4
410005;30-04-2015 22:00:00;14.2
410005;30-04-2015 23:00:00;13.3
410005;01-05-2015 00:00:00;12.6
410005;01-05-2015 01:00:00;12.1
410005;01-05-2015 02:00:00;11.4
410005;01-05-2015 03:00:00;10.5
410005;01-05-2015 04:00:00;10.0
410005;01-05-2015 05:00:00;9.4
410005;01-05-2015 06:00:00;9.7
410005;01-05-2015 07:00:00;10.3
410005;01-05-2015 08:00:00;10.5
410005;01-05-2015 09:00:00;10.7
410005;01-05-2015 10:00:00;11.4
410005;01-05-2015 11:00:00;11.1
410005;01-05-2015 12:00:00;10.6
410005;01-05-2015 13:00:00;10.6
410005;01-05-2015 14:00:00;10.8
410005;01-05-2015 15:00:00;11.3
410005;01-05-2015 16:00:00;11.0
410005;01-05-2015 17:00:00;11.5
410005;01-05-2015 18:00:00;10.7
410005;01-05-2015 19:00:00;10.2
410005;01-05-2015 20:00:00;9.3
410005;01-05-2015 21:00:00;8.8
410005;01-05-2015 22:00:00;8.6
410005;01-05-2015 23:00:00;8.0
410005;02-05-2015 00:00:00;6.6
410005;02-05-2015 01:00:00;5.5
410005;02-05-2015 02:00:00;6.2
410005;02-05-2015 03:00:00;5.4
410005;02-05-2015 04:00:00;5.2
410005;02-05-2015 05:00:00;4.4
410005;02-05-2015 06:00:00;3.7
410005;02-05-2015 07:00:00;3.8
410005;02-05-2015 08:00:00;3.5
410005;02-05-2015 09:00:00;3.0
410005;02-05-2015 10:00:00;0.8
410005;02-05-2015 11:00:00;0.4
410005;02-05-2015 12:00:00;0.3
410005;02-05-2015 13:00:00;3.3
410005;02-05-2015 14:00:00;5.5
410005;02-05-2015 15:00:00;8.5
410005;02-05-2015 16:00:00;9.9
410005;02-05-2015 17:00:00;10.3
410005;02-05-2015 18:00:00;10.4
410005;02-05-2015 19:00:00;11.1
410005;02-05-2015 20:00:00;10.6
410005;02-05-2015 21:00:00;10.0
410005;02-05-2015 22:00:00;8.6
410005;02-05-2015 23:00:00;7.2
410005;03-05-2015 00:00:00;6.1
410005;03-05-2015 01:00:00;5.1
410005;03-05-2015 02:00:00;5.4
410005;03-05-2015 03:00:00;5.7
410005;03-05-2015 04:00:00;5.6
410005;03-05-2015 05:00:00;5.6
410005;03-05-2015 06:00:00;5.9
410005;03-05-2015 07:00:00;5.9
410005;03-05-2015 08:00:00;6.3
410005;03-05-2015 09:00:00;6.4
410005;03-05-2015 10:00:00;6.8
410005;03-05-2015 11:00:00;7.0
410005;03-05-2015 12:00:00;7.3
410005;03-05-2015 13:00:00;7.3
410005;03-05-2015 14:00:00;7.5
410005;03-05-2015 15:00:00;8.0
410005;03-05-2015 16:00:00;8.5
410005;03-05-2015 17:00:00;9.7
410005;03-05-2015 18:00:00;9.8
410005;03-05-2015 19:00:00;10.3
410005;03-05-2015 20:00:00;10.6
410005;03-05-2015 21:00:00;10.6
410005;03-05-2015 22:00:00;10.6
410005;03-05-2015 23:00:00;10.7
410005;04-05-2015 00:00:00;10.3
410005;04-05-2015 01:00:00;9.6
410005;04-05-2015 02:00:00;9.0
410005;04-05-2015 03:00:00;7.1
410005;04-05-2015 04:00:00;6.3
410005;04-05-2015 05:00:00;6.4
410005;04-05-2015 06:00:00;6.1
410005;04-05-2015 07:00:00;6.1
410005;04-05-2015 08:00:00;6.2
410005;04-05-2015 09:00:00;6.9
410005;04-05-2015 10:00:00;7.4
410005;04-05-2015 11:00:00;7.1
410005;04-05-2015 12:00:00;6.9
410005;04-05-2015 13:00:00;7.1
410005;04-05-2015 14:00:00;9.0
410005;04-05-2015 15:00:00;9.8
410005;04-05-2015 16:00:00;10.7
410005;04-05-2015 17:00:00;10.7
410005;04-05-2015 18:00:00;11.2
410005;04-05-2015 19:00:00;11.6
410005;04-05-2015 20:00:00;11.8
410005;04-05-2015 21:00:00;11.5
410005;04-05-2015 22:00:00;11.2
410005;04-05-2015 23:00:00;10.5
410005;05-05-2015 00:00:00;8.9
410005;05-05-2015 01:00:00;8.4
410005;05-05-2015 02:00:00;8.0
410005;05-05-2015 03:00:00;7.0
410005;05-05-2015 04:00:00;5.4
410005;05-05-2015 05:00:00;4.9
410005;05-05-2015 06:00:00;3.6
410005;05-05-2015 07:00:00;4.0
410005;05-05-2015 08:00:00;4.9
410005;05-05-2015 09:00:00;5.8
410005;05-05-2015 10:00:00;6.4
410005;05-05-2015 11:00:00;7.1
410005;05-05-2015 12:00:00;7.1
410005;05-05-2015 13:00:00;7.2
410005;05-05-2015 14:00:00;8.6
410005;05-05-2015 15:00:00;8.8
410005;05-05-2015 16:00:00;9.5
410005;05-05-2015 17:00:00;10.2
410005;05-05-2015 18:00:00;11.5
410005;05-05-2015 19:00:00;13.0
410005;05-05-2015 20:00:00;12.0
410005;05-05-2015 21:00:00;10.6
410005;05-05-2015 22:00:00;9.3
410005;05-05-2015 23:00:00;7.5
410005;06-05-2015 00:00:00;7.0
410005;06-05-2015 01:00:00;7.7
410005;06-05-2015 02:00:00;7.6
410005;06-05-2015 03:00:00;7.8
410005;06-05-2015 04:00:00;5.9
410005;06-05-2015 05:00:00;5.0
410005;06-05-2015 06:00:00;4.8
410005;06-05-2015 07:00:00;4.0
410005;06-05-2015 08:00:00;3.7
410005;06-05-2015 09:00:00;3.0
410005;06-05-2015 10:00:00;2.7
410005;06-05-2015 11:00:00;2.4
410005;06-05-2015 12:00:00;1.9
410005;06-05-2015 13:00:00;3.1
410005;06-05-2015 14:00:00;4.8
410005;06-05-2015 15:00:00;6.9
410005;06-05-2015 16:00:00;9.5
410005;06-05-2015 17:00:00;13.5
410005;06-05-2015 18:00:00;13.9
410005;06-05-2015 19:00:00;14.1
410005;06-05-2015 20:00:00;14.0
410005;06-05-2015 21:00:00;12.9
410005;06-05-2015 22:00:00;10.3
410005;06-05-2015 23:00:00;8.2
410005;07-05-2015 00:00:00;7.5
410005;07-05-2015 01:00:00;5.9
410005;07-05-2015 02:00:00;5.5
410005;07-05-2015 03:00:00;4.1
410005;07-05-2015 04:00:00;3.9
410005;07-05-2015 05:00:00;5.1
410005;07-05-2015 06:00:00;5.4
410005;07-05-2015 07:00:00;5.3
410005;07-05-2015 08:00:00;6.3
410005;07-05-2015 09:00:00;7.3
410005;07-05-2015 10:00:00;6.2
410005;07-05-2015 11:00:00;4.9
410005;07-05-2015 12:00:00;4.0
410005;07-05-2015 13:00:00;6.4
410005;07-05-2015 14:00:00;10.6
410005;07-05-2015 15:00:00;13.3
410005;07-05-2015 16:00:00;14.7
410005;07-05-2015 17:00:00;15.8
410005;07-05-2015 18:00:00;16.7
410005;07-05-2015 19:00:00;16.5
410005;07-05-2015 20:00:00;17.0
410005;07-05-2015 21:00:00;15.2
410005;07-05-2015 22:00:00;13.3
410005;07-05-2015 23:00:00;12.1
410005;08-05-2015 00:00:00;12.3
410005;08-05-2015 01:00:00;13.8
410005;08-05-2015 02:00:00;14.1
410005;08-05-2015 03:00:00;14.3
410005;08-05-2015 04:00:00;14.2
410005;08-05-2015 05:00:00;14.1
410005;08-05-2015 06:00:00;13.6
410005;08-05-2015 07:00:00;13.4
410005;08-05-2015 08:00:00;13.4
410005;08-05-2015 09:00:00;12.9
410005;08-05-2015 10:00:00;12.6
410005;08-05-2015 11:00:00;13.4
410005;08-05-2015 12:00:00;13.2
410005;08-05-2015 13:00:00;12.9
410005;08-05-2015 14:00:00;12.9
410005;08-05-2015 15:00:00;11.7
410005;08-05-2015 16:00:00;11.7
410005;08-05-2015 17:00:00;11.8
410005;08-05-2015 18:00:00;11.9
410005;08-05-2015 19:00:00;11.7
410005;08-05-2015 20:00:00;12.2
410005;08-05-2015 21:00:00;11.6
410005;08-05-2015 22:00:00;12.0
410005;08-05-2015 23:00:00;12.4
410005;09-05-2015 00:00:00;12.2
410005;09-05-2015 01:00:00;11.8
410005;09-05-2015 02:00:00;11.7
410005;09-05-2015 03:00:00;11.4
410005;09-05-2015 04:00:00;11.2
410005;09-05-2015 05:00:00;11.5
410005;09-05-2015 06:00:00;12.1
410005;09-05-2015 07:00:00;12.0
410005;09-05-2015 08:00:00;12.1
410005;09-05-2015 09:00:00;12.1
410005;09-05-2015 10:00:00;12.6
410005;09-05-2015 11:00:00;12.5
410005;09-05-2015 12:00:00;12.2
410005;09-05-2015 13:00:00;12.4
410005;09-05-2015 14:00:00;12.5
410005;09-05-2015 15:00:00;13.0
410005;09-05-2015 16:00:00;14.4
410005;09-05-2015 17:00:00;13.9
410005;09-05-2015 18:00:00;13.5
410005;09-05-2015 19:00:00;15.8
410005;09-05-2015 20:00:00;15.7
410005;09-05-2015 21:00:00;14.9
410005;09-05-2015 22:00:00;12.7
410005;09-05-2015 23:00:00;10.1
410005;10-05-2015 00:00:00;10.9
410005;10-05-2015 01:00:00;10.4
410005;10-05-2015 02:00:00;9.5
410005;10-05-2015 03:00:00;8.6
410005;10-05-2015 04:00:00;8.5
410005;10-05-2015 05:00:00;7.9
410005;10-05-2015 06:00:00;9.3
410005;10-05-2015 07:00:00;9.3
410005;10-05-2015 08:00:00;11.9
410005;10-05-2015 09:00:00;12.3
410005;10-05-2015 10:00:00;12.5
410005;10-05-2015 11:00:00;12.5
410005;10-05-2015 12:00:00;12.2
410005;10-05-2015 13:00:00;12.4
410005;10-05-2015 14:00:00;12.9
410005;10-05-2015 15:00:00;13.0
410005;10-05-2015 16:00:00;12.5
410005;10-05-2015 17:00:00;12.2
410005;10-05-2015 18:00:00;12.6
410005;10-05-2015 19:00:00;12.7
410005;10-05-2015 20:00:00;12.5
410005;10-05-2015 21:00:00;12.6
410005;10-05-2015 22:00:00;12.4
410005;10-05-2015 23:00:00;11.9
410005;11-05-2015 00:00:00;11.7
410005;11-05-2015 01:00:00;11.3
410005;11-05-2015 02:00:00;11.3
410005;11-05-2015 03:00:00;11.5
410005;11-05-2015 04:00:00;12.2
410005;11-05-2015 05:00:00;12.1
410005;11-05-2015 06:00:00;11.8
410005;11-05-2015 07:00:00;11.3
410005;11-05-2015 08:00:00;11.4
410005;11-05-2015 09:00:00;12.1
410005;11-05-2015 10:00:00;11.3
410005;11-05-2015 11:00:00;12.3
410005;11-05-2015 12:00:00;12.3
410005;11-05-2015 13:00:00;12.0
410005;11-05-2015 14:00:00;13.2
410005;11-05-2015 15:00:00;15.0
410005;11-05-2015 16:00:00;16.0
410005;11-05-2015 17:00:00;17.4
410005;11-05-2015 18:00:00;17.8
410005;11-05-2015 19:00:00;17.9
410005;11-05-2015 20:00:00;17.5
410005;11-05-2015 21:00:00;16.3
410005;11-05-2015 22:00:00;14.2
410005;11-05-2015 23:00:00;13.7
410005;12-05-2015 00:00:00;13.4
410005;12-05-2015 01:00:00;13.9
410005;12-05-2015 02:00:00;14.4
410005;12-05-2015 03:00:00;13.9
410005;12-05-2015 04:00:00;14.3
410005;12-05-2015 05:00:00;14.7
410005;12-05-2015 06:00:00;14.6
410005;12-05-2015 07:00:00;14.0
410005;12-05-2015 08:00:00;13.0
410005;12-05-2015 09:00:00;12.7
410005;12-05-2015 10:00:00;12.3
410005;12-05-2015 11:00:00;12.7
410005;12-05-2015 12:00:00;12.9
410005;12-05-2015 13:00:00;12.6
410005;12-05-2015 14:00:00;13.5
410005;12-05-2015 15:00:00;14.7
410005;12-05-2015 16:00:00;14.8
410005;12-05-2015 17:00:00;14.1
410005;12-05-2015 18:00:00;13.4
410005;12-05-2015 19:00:00;15.3
410005;12-05-2015 20:00:00;15.5
410005;12-05-2015 21:00:00;15.2
410005;12-05-2015 22:00:00;12.5
410005;12-05-2015 23:00:00;10.3
410005;13-05-2015 00:00:00;10.6
410005;13-05-2015 01:00:00;10.5
410005;13-05-2015 02:00:00;10.3
410005;13-05-2015 03:00:00;12.0
410005;13-05-2015 04:00:00;11.1
410005;13-05-2015 05:00:00;11.5
410005;13-05-2015 06:00:00;11.4
410005;13-05-2015 07:00:00;11.7
410005;13-05-2015 08:00:00;11.1
410005;13-05-2015 09:00:00;11.1
410005;13-05-2015 10:00:00;10.8
410005;13-05-2015 11:00:00;10.6
410005;13-05-2015 12:00:00;10.9
410005;13-05-2015 13:00:00;11.2
410005;13-05-2015 14:00:00;11.2
410005;13-05-2015 15:00:00;12.1
410005;13-05-2015 16:00:00;12.9
410005;13-05-2015 17:00:00;13.5
410005;13-05-2015 18:00:00;13.5
410005;13-05-2015 19:00:00;13.2
410005;13-05-2015 20:00:00;13.3
410005;13-05-2015 21:00:00;12.4
410005;13-05-2015 22:00:00;11.6
410005;13-05-2015 23:00:00;11.2
410005;14-05-2015 00:00:00;10.9
410005;14-05-2015 01:00:00;10.7
410005;14-05-2015 02:00:00;11.3
410005;14-05-2015 03:00:00;11.9
410005;14-05-2015 04:00:00;11.7
410005;14-05-2015 05:00:00;11.9
410005;14-05-2015 06:00:00;11.7
410005;14-05-2015 07:00:00;12.0
410005;14-05-2015 08:00:00;12.1
410005;14-05-2015 09:00:00;11.7
410005;14-05-2015 10:00:00;12.0
410005;14-05-2015 11:00:00;12.0
410005;14-05-2015 12:00:00;11.9
410005;14-05-2015 13:00:00;12.0
410005;14-05-2015 14:00:00;12.0
410005;14-05-2015 15:00:00;12.1
410005;14-05-2015 16:00:00;12.6
410005;14-05-2015 17:00:00;12.9
410005;14-05-2015 18:00:00;13.3
410005;14-05-2015 19:00:00;13.4
410005;14-05-2015 20:00:00;13.8
410005;14-05-2015 21:00:00;13.9
410005;14-05-2015 22:00:00;13.0
410005;14-05-2015 23:00:00;12.9
410005;15-05-2015 00:00:00;13.0
410005;15-05-2015 01:00:00;12.8
410005;15-05-2015 02:00:00;12.7
410005;15-05-2015 03:00:00;12.9
410005;15-05-2015 04:00:00;13.0
410005;15-05-2015 05:00:00;13.1
410005;15-05-2015 06:00:00;12.9
410005;15-05-2015 07:00:00;12.8
410005;15-05-2015 08:00:00;12.9
410005;15-05-2015 09:00:00;13.2
410005;15-05-2015 10:00:00;13.3
410005;15-05-2015 11:00:00;12.9
410005;15-05-2015 12:00:00;12.9
410005;15-05-2015 13:00:00;13.6
410005;15-05-2015 14:00:00;14.6
410005;15-05-2015 15:00:00;15.4
410005;15-05-2015 16:00:00;16.1
410005;15-05-2015 17:00:00;17.2
410005;15-05-2015 18:00:00;16.4
410005;15-05-2015 19:00:00;15.3
410005;15-05-2015 20:00:00;15.3
410005;15-05-2015 21:00:00;15.4
410005;15-05-2015 22:00:00;15.5
410005;15-05-2015 23:00:00;15.6
410005;16-05-2015 00:00:00;15.2
410005;16-05-2015 01:00:00;15.7
410005;16-05-2015 02:00:00;15.5
410005;16-05-2015 03:00:00;15.5
410005;16-05-2015 04:00:00;15.7
410005;16-05-2015 05:00:00;15.7
410005;16-05-2015 06:00:00;15.5
410005;16-05-2015 07:00:00;15.6
410005;16-05-2015 08:00:00;15.7
410005;16-05-2015 09:00:00;16.7
410005;16-05-2015 10:00:00;16.8
410005;16-05-2015 11:00:00;16.2
410005;16-05-2015 12:00:00;16.0
410005;16-05-2015 13:00:00;16.0
410005;16-05-2015 14:00:00;17.2
410005;16-05-2015 15:00:00;16.2
410005;16-05-2015 16:00:00;17.3
410005;16-05-2015 17:00:00;16.5
410005;16-05-2015 18:00:00;17.2
410005;16-05-2015 19:00:00;14.3
410005;16-05-2015 20:00:00;13.0
410005;16-05-2015 21:00:00;13.0
410005;16-05-2015 22:00:00;13.1
410005;16-05-2015 23:00:00;13.2
410005;17-05-2015 00:00:00;13.1
410005;17-05-2015 01:00:00;12.3
410005;17-05-2015 02:00:00;11.2
410005;17-05-2015 03:00:00;11.5
410005;17-05-2015 04:00:00;11.2
410005;17-05-2015 05:00:00;10.7
410005;17-05-2015 06:00:00;10.4
410005;17-05-2015 07:00:00;10.5
410005;17-05-2015 08:00:00;10.5
410005;17-05-2015 09:00:00;10.4
410005;17-05-2015 10:00:00;10.9
410005;17-05-2015 11:00:00;10.7
410005;17-05-2015 12:00:00;10.6
410005;17-05-2015 13:00:00;10.3
410005;17-05-2015 14:00:00;10.7
410005;17-05-2015 15:00:00;10.3
410005;17-05-2015 16:00:00;10.6
410005;17-05-2015 17:00:00;10.9
410005;17-05-2015 18:00:00;11.2
410005;17-05-2015 19:00:00;11.3
410005;17-05-2015 20:00:00;11.4
410005;17-05-2015 21:00:00;11.2
410005;17-05-2015 22:00:00;10.1
410005;17-05-2015 23:00:00;9.3
410005;18-05-2015 00:00:00;8.5
410005;18-05-2015 01:00:00;8.3
410005;18-05-2015 02:00:00;7.9
410005;18-05-2015 03:00:00;6.9
410005;18-05-2015 04:00:00;6.4
410005;18-05-2015 05:00:00;6.8
410005;18-05-2015 06:00:00;7.7
410005;18-05-2015 07:00:00;8.0
410005;18-05-2015 08:00:00;8.2
410005;18-05-2015 09:00:00;8.6
410005;18-05-2015 10:00:00;9.0
410005;18-05-2015 11:00:00;9.4
410005;18-05-2015 12:00:00;9.5
410005;18-05-2015 13:00:00;9.7
410005;18-05-2015 14:00:00;11.3
410005;18-05-2015 15:00:00;13.0
410005;18-05-2015 16:00:00;14.2
410005;18-05-2015 17:00:00;14.4
410005;18-05-2015 18:00:00;14.8
410005;18-05-2015 19:00:00;14.9
410005;18-05-2015 20:00:00;16.0
410005;18-05-2015 21:00:00;15.7
410005;18-05-2015 22:00:00;14.9
410005;18-05-2015 23:00:00;15.0
410005;19-05-2015 00:00:00;15.0
410005;19-05-2015 01:00:00;14.9
410005;19-05-2015 02:00:00;14.7
410005;19-05-2015 03:00:00;14.4
410005;19-05-2015 04:00:00;14.8
410005;19-05-2015 05:00:00;14.8
410005;19-05-2015 06:00:00;15.5
410005;19-05-2015 07:00:00;15.3
410005;19-05-2015 08:00:00;15.3
410005;19-05-2015 09:00:00;15.2
410005;19-05-2015 10:00:00;15.1
410005;19-05-2015 11:00:00;15.2
410005;19-05-2015 12:00:00;15.0
410005;19-05-2015 13:00:00;14.4
410005;19-05-2015 14:00:00;14.4
410005;19-05-2015 15:00:00;14.7
410005;19-05-2015 16:00:00;14.8
410005;19-05-2015 17:00:00;15.6
410005;19-05-2015 18:00:00;15.1
410005;19-05-2015 19:00:00;14.9
410005;19-05-2015 20:00:00;14.7
410005;19-05-2015 21:00:00;14.3
410005;19-05-2015 22:00:00;13.9
410005;19-05-2015 23:00:00;13.9
410005;20-05-2015 00:00:00;13.3
410005;20-05-2015 01:00:00;13.5
410005;20-05-2015 02:00:00;14.2
410005;20-05-2015 03:00:00;15.0
410005;20-05-2015 04:00:00;15.0
410005;20-05-2015 05:00:00;15.1
410005;20-05-2015 06:00:00;14.1
410005;20-05-2015 07:00:00;13.4
410005;20-05-2015 08:00:00;12.9
410005;20-05-2015 09:00:00;12.6
410005;20-05-2015 10:00:00;12.6
410005;20-05-2015 11:00:00;12.3
410005;20-05-2015 12:00:00;12.3
410005;20-05-2015 13:00:00;12.2
410005;20-05-2015 14:00:00;12.5
410005;20-05-2015 15:00:00;12.9
410005;20-05-2015 16:00:00;13.0
410005;20-05-2015 17:00:00;15.0
410005;20-05-2015 18:00:00;14.9
410005;20-05-2015 19:00:00;14.6
410005;20-05-2015 20:00:00;14.2
410005;20-05-2015 21:00:00;13.9
410005;20-05-2015 22:00:00;11.4
410005;20-05-2015 23:00:00;10.8
410005;21-05-2015 00:00:00;10.1
410005;21-05-2015 01:00:00;10.5
410005;21-05-2015 02:00:00;10.6
410005;21-05-2015 03:00:00;11.0
410005;21-05-2015 04:00:00;10.2
410005;21-05-2015 05:00:00;9.0
410005;21-05-2015 06:00:00;9.0
410005;21-05-2015 07:00:00;8.8
410005;21-05-2015 08:00:00;9.3
410005;21-05-2015 09:00:00;8.9
410005;21-05-2015 10:00:00;9.2
410005;21-05-2015 11:00:00;8.9
410005;21-05-2015 12:00:00;8.6
410005;21-05-2015 13:00:00;8.9
410005;21-05-2015 14:00:00;10.2
410005;21-05-2015 15:00:00;12.1
410005;21-05-2015 16:00:00;13.0
410005;21-05-2015 17:00:00;12.4
410005;21-05-2015 18:00:00;12.4
410005;21-05-2015 19:00:00;13.1
410005;21-05-2015 20:00:00;12.1
410005;21-05-2015 21:00:00;11.4
410005;21-05-2015 22:00:00;9.6
410005;21-05-2015 23:00:00;9.0
410005;22-05-2015 00:00:00;7.5
410005;22-05-2015 01:00:00;7.7
410005;22-05-2015 02:00:00;7.6
410005;22-05-2015 03:00:00;8.0
410005;22-05-2015 04:00:00;8.4
410005;22-05-2015 05:00:00;8.3
410005;22-05-2015 06:00:00;8.2
410005;22-05-2015 07:00:00;8.1
410005;22-05-2015 08:00:00;8.4
410005;22-05-2015 09:00:00;8.1
410005;22-05-2015 10:00:00;8.5
410005;22-05-2015 11:00:00;8.7
410005;22-05-2015 12:00:00;8.3
410005;22-05-2015 13:00:00;8.7
410005;22-05-2015 14:00:00;9.1
410005;22-05-2015 15:00:00;9.7
410005;22-05-2015 16:00:00;10.4
410005;22-05-2015 17:00:00;10.7
410005;22-05-2015 18:00:00;10.8
410005;22-05-2015 19:00:00;10.4
410005;22-05-2015 20:00:00;9.8
410005;22-05-2015 21:00:00;9.3
410005;22-05-2015 22:00:00;9.1
410005;22-05-2015 23:00:00;8.6
410005;23-05-2015 00:00:00;8.6
410005;23-05-2015 01:00:00;7.9
410005;23-05-2015 02:00:00;6.8
410005;23-05-2015 03:00:00;6.2
410005;23-05-2015 04:00:00;6.2
410005;23-05-2015 05:00:00;6.0
410005;23-05-2015 06:00:00;5.5
410005;23-05-2015 07:00:00;4.1
410005;23-05-2015 08:00:00;4.2
410005;23-05-2015 09:00:00;3.6
410005;23-05-2015 10:00:00;3.2
410005;23-05-2015 11:00:00;1.2
410005;23-05-2015 12:00:00;0.9
410005;23-05-2015 13:00:00;1.1
410005;23-05-2015 14:00:00;3.8
410005;23-05-2015 15:00:00;7.3
410005;23-05-2015 16:00:00;8.7
410005;23-05-2015 17:00:00;9.5
410005;23-05-2015 18:00:00;9.4
410005;23-05-2015 19:00:00;9.3
410005;23-05-2015 20:00:00;8.4
410005;23-05-2015 21:00:00;8.6
410005;23-05-2015 22:00:00;6.2
410005;23-05-2015 23:00:00;5.0
410005;24-05-2015 00:00:00;5.3
410005;24-05-2015 01:00:00;4.0
410005;24-05-2015 02:00:00;2.3
410005;24-05-2015 03:00:00;1.7
410005;24-05-2015 04:00:00;0.8
410005;24-05-2015 05:00:00;1.5
410005;24-05-2015 06:00:00;2.1
410005;24-05-2015 07:00:00;2.6
410005;24-05-2015 08:00:00;2.9
410005;24-05-2015 09:00:00;3.2
410005;24-05-2015 10:00:00;2.6
410005;24-05-2015 11:00:00;3.1
410005;24-05-2015 12:00:00;3.0
410005;24-05-2015 13:00:00;3.5
410005;24-05-2015 14:00:00;5.5
410005;24-05-2015 15:00:00;6.8
410005;24-05-2015 16:00:00;9.3
410005;24-05-2015 17:00:00;10.0
410005;24-05-2015 18:00:00;10.2
410005;24-05-2015 19:00:00;9.7
410005;24-05-2015 20:00:00;9.8
410005;24-05-2015 21:00:00;8.8
410005;24-05-2015 22:00:00;7.9
410005;24-05-2015 23:00:00;7.0
410005;25-05-2015 00:00:00;7.3
410005;25-05-2015 01:00:00;7.0
410005;25-05-2015 02:00:00;6.5
410005;25-05-2015 03:00:00;6.8
410005;25-05-2015 04:00:00;6.8
410005;25-05-2015 05:00:00;6.2
410005;25-05-2015 06:00:00;5.8
410005;25-05-2015 07:00:00;5.8
410005;25-05-2015 08:00:00;6.1
410005;25-05-2015 09:00:00;5.9
410005;25-05-2015 10:00:00;5.7
410005;25-05-2015 11:00:00;5.8
410005;25-05-2015 12:00:00;5.7
410005;25-05-2015 13:00:00;5.7
410005;25-05-2015 14:00:00;6.8
410005;25-05-2015 15:00:00;9.6
410005;25-05-2015 16:00:00;9.3
410005;25-05-2015 17:00:00;9.9
410005;25-05-2015 18:00:00;11.1
410005;25-05-2015 19:00:00;11.1
410005;25-05-2015 20:00:00;11.1
410005;25-05-2015 21:00:00;10.4
410005;25-05-2015 22:00:00;7.5
410005;25-05-2015 23:00:00;6.1
410005;26-05-2015 00:00:00;5.8
410005;26-05-2015 01:00:00;4.1
410005;26-05-2015 02:00:00;2.4
410005;26-05-2015 03:00:00;1.4
410005;26-05-2015 04:00:00;0.7
410005;26-05-2015 05:00:00;0.3
410005;26-05-2015 06:00:00;0.8
410005;26-05-2015 07:00:00;1.2
410005;26-05-2015 08:00:00;1.7
410005;26-05-2015 09:00:00;1.4
410005;26-05-2015 10:00:00;1.5
410005;26-05-2015 11:00:00;2.7
410005;26-05-2015 12:00:00;3.6
410005;26-05-2015 13:00:00;4.3
410005;26-05-2015 14:00:00;5.0
410005;26-05-2015 15:00:00;7.0
410005;26-05-2015 16:00:00;6.8
410005;26-05-2015 17:00:00;7.0
410005;26-05-2015 18:00:00;7.1
410005;26-05-2015 19:00:00;7.2
410005;26-05-2015 20:00:00;7.4
410005;26-05-2015 21:00:00;7.3
410005;26-05-2015 22:00:00;7.4
410005;26-05-2015 23:00:00;8.9
410005;27-05-2015 00:00:00;8.8
410005;27-05-2015 01:00:00;8.6
410005;27-05-2015 02:00:00;8.9
410005;27-05-2015 03:00:00;9.0
410005;27-05-2015 04:00:00;9.2
410005;27-05-2015 05:00:00;9.2
410005;27-05-2015 06:00:00;9.9
410005;27-05-2015 07:00:00;9.1
410005;27-05-2015 08:00:00;9.1
410005;27-05-2015 09:00:00;9.0
410005;27-05-2015 10:00:00;9.1
410005;27-05-2015 11:00:00;8.7
410005;27-05-2015 12:00:00;9.3
410005;27-05-2015 13:00:00;9.2
410005;27-05-2015 14:00:00;9.7
410005;27-05-2015 15:00:00;9.2
410005;27-05-2015 16:00:00;10.4
410005;27-05-2015 17:00:00;12.4
410005;27-05-2015 18:00:00;14.0
410005;27-05-2015 19:00:00;13.5
410005;27-05-2015 20:00:00;13.9
410005;27-05-2015 21:00:00;13.3
410005;27-05-2015 22:00:00;12.5
410005;27-05-2015 23:00:00;11.3
410005;28-05-2015 00:00:00;12.4
410005;28-05-2015 01:00:00;11.2
410005;28-05-2015 02:00:00;11.3
410005;28-05-2015 03:00:00;11.5
410005;28-05-2015 04:00:00;11.9
410005;28-05-2015 05:00:00;11.2
410005;28-05-2015 06:00:00;11.7
410005;28-05-2015 07:00:00;11.7
410005;28-05-2015 08:00:00;12.7
410005;28-05-2015 09:00:00;13.2
410005;28-05-2015 10:00:00;12.7
410005;28-05-2015 11:00:00;12.4
410005;28-05-2015 12:00:00;10.7
410005;28-05-2015 13:00:00;10.1
410005;28-05-2015 14:00:00;9.7
410005;28-05-2015 15:00:00;10.4
410005;28-05-2015 16:00:00;12.0
410005;28-05-2015 17:00:00;12.2
410005;28-05-2015 18:00:00;12.2
410005;28-05-2015 19:00:00;10.9
410005;28-05-2015 20:00:00;10.5
410005;28-05-2015 21:00:00;10.5
410005;28-05-2015 22:00:00;10.3
410005;28-05-2015 23:00:00;10.1
410005;29-05-2015 00:00:00;9.6
410005;29-05-2015 01:00:00;9.0
410005;29-05-2015 02:00:00;9.1
410005;29-05-2015 03:00:00;8.9
410005;29-05-2015 04:00:00;8.9
410005;29-05-2015 05:00:00;8.9
410005;29-05-2015 06:00:00;8.7
410005;29-05-2015 07:00:00;9.1
410005;29-05-2015 08:00:00;8.8
410005;29-05-2015 09:00:00;8.1
410005;29-05-2015 10:00:00;8.5
410005;29-05-2015 11:00:00;7.8
410005;29-05-2015 12:00:00;8.3
410005;29-05-2015 13:00:00;8.8
410005;29-05-2015 14:00:00;9.3
410005;29-05-2015 15:00:00;9.7
410005;29-05-2015 16:00:00;9.7
410005;29-05-2015 17:00:00;9.9
410005;29-05-2015 18:00:00;10.4
410005;29-05-2015 19:00:00;10.7
410005;29-05-2015 20:00:00;9.7
410005;29-05-2015 21:00:00;9.7
410005;29-05-2015 22:00:00;9.8
410005;29-05-2015 23:00:00;9.8
410005;30-05-2015 00:00:00;9.6
410005;30-05-2015 01:00:00;9.7
410005;30-05-2015 02:00:00;9.7
410005;30-05-2015 03:00:00;9.8
410005;30-05-2015 04:00:00;9.7
410005;30-05-2015 05:00:00;9.8
410005;30-05-2015 06:00:00;9.9
410005;30-05-2015 07:00:00;9.9
410005;30-05-2015 08:00:00;10.0
410005;30-05-2015 09:00:00;10.0
410005;30-05-2015 10:00:00;10.0
410005;30-05-2015 11:00:00;10.1
410005;30-05-2015 12:00:00;10.2
410005;30-05-2015 13:00:00;10.3
410005;30-05-2015 14:00:00;10.7
410005;30-05-2015 15:00:00;10.8
410005;30-05-2015 16:00:00;11.3
410005;30-05-2015 17:00:00;12.1
410005;30-05-2015 18:00:00;13.5
410005;30-05-2015 19:00:00;13.8
410005;30-05-2015 20:00:00;14.2
410005;30-05-2015 21:00:00;12.9
410005;30-05-2015 22:00:00;11.2
410005;30-05-2015 23:00:00;10.2
410005;31-05-2015 00:00:00;10.0
410005;31-05-2015 01:00:00;9.4
410005;31-05-2015 02:00:00;9.8
410005;31-05-2015 03:00:00;9.7
410005;31-05-2015 04:00:00;8.3
410005;31-05-2015 05:00:00;8.7
410005;31-05-2015 06:00:00;8.2
410005;31-05-2015 07:00:00;8.9
410005;31-05-2015 08:00:00;8.8
410005;31-05-2015 09:00:00;9.3
410005;31-05-2015 10:00:00;8.2
410005;31-05-2015 11:00:00;8.1
410005;31-05-2015 12:00:00;8.9
410005;31-05-2015 13:00:00;8.8
410005;31-05-2015 14:00:00;9.5
410005;31-05-2015 15:00:00;10.3
410005;31-05-2015 16:00:00;10.9
410005;31-05-2015 17:00:00;11.2
410005;31-05-2015 18:00:00;11.9
410005;31-05-2015 19:00:00;11.9
410005;31-05-2015 20:00:00;11.8
410005;31-05-2015 21:00:00;11.6
410005;31-05-2015 22:00:00;10.7
410005;31-05-2015 23:00:00;10.8
410005;01-06-2015 00:00:00;11.0
410005;01-06-2015 01:00:00;11.3
410005;01-06-2015 02:00:00;11.6
410005;01-06-2015 03:00:00;11.7
410005;01-06-2015 04:00:00;12.0
410005;01-06-2015 05:00:00;12.1
410005;01-06-2015 06:00:00;12.5
410005;01-06-2015 07:00:00;13.0
410005;01-06-2015 08:00:00;13.4
410005;01-06-2015 09:00:00;13.7
410005;01-06-2015 10:00:00;14.0
410005;01-06-2015 11:00:00;13.9
410005;01-06-2015 12:00:00;12.6
410005;01-06-2015 13:00:00;12.2
410005;01-06-2015 14:00:00;12.5
410005;01-06-2015 15:00:00;12.5
410005;01-06-2015 16:00:00;13.3
410005;01-06-2015 17:00:00;13.0
410005;01-06-2015 18:00:00;12.6
410005;01-06-2015 19:00:00;13.4
410005;01-06-2015 20:00:00;12.4
410005;01-06-2015 21:00:00;12.4
410005;01-06-2015 22:00:00;12.4
410005;01-06-2015 23:00:00;11.9
410005;02-06-2015 00:00:00;11.7
410005;02-06-2015 01:00:00;12.3
410005;02-06-2015 02:00:00;12.5
410005;02-06-2015 03:00:00;12.6
410005;02-06-2015 04:00:00;13.0
410005;02-06-2015 05:00:00;13.9
410005;02-06-2015 06:00:00;14.3
410005;02-06-2015 07:00:00;14.9
410005;02-06-2015 08:00:00;15.2
410005;02-06-2015 09:00:00;15.3
410005;02-06-2015 10:00:00;15.3
410005;02-06-2015 11:00:00;15.1
410005;02-06-2015 12:00:00;15.1
410005;02-06-2015 13:00:00;15.0
410005;02-06-2015 14:00:00;14.9
410005;02-06-2015 15:00:00;14.9
410005;02-06-2015 16:00:00;14.8
410005;02-06-2015 17:00:00;14.4
410005;02-06-2015 18:00:00;15.3
410005;02-06-2015 19:00:00;16.0
410005;02-06-2015 20:00:00;15.4
410005;02-06-2015 21:00:00;14.2
410005;02-06-2015 22:00:00;12.7
410005;02-06-2015 23:00:00;11.9
410005;03-06-2015 00:00:00;11.7
410005;03-06-2015 01:00:00;12.0
410005;03-06-2015 02:00:00;11.8
410005;03-06-2015 03:00:00;10.8
410005;03-06-2015 04:00:00;11.2
410005;03-06-2015 05:00:00;10.8
410005;03-06-2015 06:00:00;10.4
410005;03-06-2015 07:00:00;9.6
410005;03-06-2015 08:00:00;9.0
410005;03-06-2015 09:00:00;9.8
410005;03-06-2015 10:00:00;9.2
410005;03-06-2015 11:00:00;9.0
410005;03-06-2015 12:00:00;9.2
410005;03-06-2015 13:00:00;9.3
410005;03-06-2015 14:00:00;9.1
410005;03-06-2015 15:00:00;10.0
410005;03-06-2015 16:00:00;10.9
410005;03-06-2015 17:00:00;11.3
410005;03-06-2015 18:00:00;12.0
410005;03-06-2015 19:00:00;12.9
410005;03-06-2015 20:00:00;11.8
410005;03-06-2015 21:00:00;11.7
410005;03-06-2015 22:00:00;11.2
410005;03-06-2015 23:00:00;10.4
410005;04-06-2015 00:00:00;10.8
410005;04-06-2015 01:00:00;10.9
410005;04-06-2015 02:00:00;10.8
410005;04-06-2015 03:00:00;10.7
410005;04-06-2015 04:00:00;11.1
410005;04-06-2015 05:00:00;11.1
410005;04-06-2015 06:00:00;11.5
410005;04-06-2015 07:00:00;11.5
410005;04-06-2015 08:00:00;11.7
410005;04-06-2015 09:00:00;11.2
410005;04-06-2015 10:00:00;11.4
410005;04-06-2015 11:00:00;11.3
410005;04-06-2015 12:00:00;10.7
410005;04-06-2015 13:00:00;10.8
410005;04-06-2015 14:00:00;11.1
410005;04-06-2015 15:00:00;11.4
410005;04-06-2015 16:00:00;11.9
410005;04-06-2015 17:00:00;12.2
410005;04-06-2015 18:00:00;12.7
410005;04-06-2015 19:00:00;13.2
410005;04-06-2015 20:00:00;13.2
410005;04-06-2015 21:00:00;13.0
410005;04-06-2015 22:00:00;12.8
410005;04-06-2015 23:00:00;12.7
410005;05-06-2015 00:00:00;12.7
410005;05-06-2015 01:00:00;12.9
410005;05-06-2015 02:00:00;13.3
410005;05-06-2015 03:00:00;13.4
410005;05-06-2015 04:00:00;13.8
410005;05-06-2015 05:00:00;13.3
410005;05-06-2015 06:00:00;13.0
410005;05-06-2015 07:00:00;12.2
410005;05-06-2015 08:00:00;12.3
410005;05-06-2015 09:00:00;11.4
410005;05-06-2015 10:00:00;10.6
410005;05-06-2015 11:00:00;10.4
410005;05-06-2015 12:00:00;10.0
410005;05-06-2015 13:00:00;9.7
410005;05-06-2015 14:00:00;10.8
410005;05-06-2015 15:00:00;11.6
410005;05-06-2015 16:00:00;13.7
410005;05-06-2015 17:00:00;14.0
410005;05-06-2015 18:00:00;13.5
410005;05-06-2015 19:00:00;12.3
410005;05-06-2015 20:00:00;11.7
410005;05-06-2015 21:00:00;9.9
410005;05-06-2015 22:00:00;9.5
410005;05-06-2015 23:00:00;10.1
410005;06-06-2015 00:00:00;8.9
410005;06-06-2015 01:00:00;9.4
410005;06-06-2015 02:00:00;9.7
410005;06-06-2015 03:00:00;9.3
410005;06-06-2015 04:00:00;8.8
410005;06-06-2015 05:00:00;9.0
410005;06-06-2015 06:00:00;9.2
410005;06-06-2015 07:00:00;9.1
410005;06-06-2015 08:00:00;9.1
410005;06-06-2015 09:00:00;9.0
410005;06-06-2015 10:00:00;8.3
410005;06-06-2015 11:00:00;8.4
410005;06-06-2015 12:00:00;8.3
410005;06-06-2015 13:00:00;8.5
410005;06-06-2015 14:00:00;9.2
410005;06-06-2015 15:00:00;10.3
410005;06-06-2015 16:00:00;10.6
410005;06-06-2015 17:00:00;11.4
410005;06-06-2015 18:00:00;10.9
410005;06-06-2015 19:00:00;11.0
410005;06-06-2015 20:00:00;11.7
410005;06-06-2015 21:00:00;10.4
410005;06-06-2015 22:00:00;9.3
410005;06-06-2015 23:00:00;8.4
410005;07-06-2015 00:00:00;7.5
410005;07-06-2015 01:00:00;6.7
410005;07-06-2015 02:00:00;7.0
410005;07-06-2015 03:00:00;7.0
410005;07-06-2015 04:00:00;7.0
410005;07-06-2015 05:00:00;7.3
410005;07-06-2015 06:00:00;7.2
410005;07-06-2015 07:00:00;7.2
410005;07-06-2015 08:00:00;6.9
410005;07-06-2015 09:00:00;6.8
410005;07-06-2015 10:00:00;6.7
410005;07-06-2015 11:00:00;5.9
410005;07-06-2015 12:00:00;6.2
410005;07-06-2015 13:00:00;7.6
410005;07-06-2015 14:00:00;8.2
410005;07-06-2015 15:00:00;7.7
410005;07-06-2015 16:00:00;9.3
410005;07-06-2015 17:00:00;10.6
410005;07-06-2015 18:00:00;11.9
410005;07-06-2015 19:00:00;11.2
410005;07-06-2015 20:00:00;10.5
410005;07-06-2015 21:00:00;9.8
410005;07-06-2015 22:00:00;9.6
410005;07-06-2015 23:00:00;9.4
410005;08-06-2015 00:00:00;8.2
410005;08-06-2015 01:00:00;8.0
410005;08-06-2015 02:00:00;7.9
410005;08-06-2015 03:00:00;8.0
410005;08-06-2015 04:00:00;8.1
410005;08-06-2015 05:00:00;7.9
410005;08-06-2015 06:00:00;7.6
410005;08-06-2015 07:00:00;7.2
410005;08-06-2015 08:00:00;6.7
410005;08-06-2015 09:00:00;6.7
410005;08-06-2015 10:00:00;6.8
410005;08-06-2015 11:00:00;7.0
410005;08-06-2015 12:00:00;6.5
410005;08-06-2015 13:00:00;6.6
410005;08-06-2015 14:00:00;7.6
410005;08-06-2015 15:00:00;8.5
410005;08-06-2015 16:00:00;9.7
410005;08-06-2015 17:00:00;9.5
410005;08-06-2015 18:00:00;8.7
410005;08-06-2015 19:00:00;9.8
410005;08-06-2015 20:00:00;10.5
410005;08-06-2015 21:00:00;9.7
410005;08-06-2015 22:00:00;8.8
410005;08-06-2015 23:00:00;8.7
410005;09-06-2015 00:00:00;8.3
410005;09-06-2015 01:00:00;8.0
410005;09-06-2015 02:00:00;7.0
410005;09-06-2015 03:00:00;6.8
410005;09-06-2015 04:00:00;6.8
410005;09-06-2015 05:00:00;5.3
410005;09-06-2015 06:00:00;6.0
410005;09-06-2015 07:00:00;4.3
410005;09-06-2015 08:00:00;4.1
410005;09-06-2015 09:00:00;3.9
410005;09-06-2015 10:00:00;3.5
410005;09-06-2015 11:00:00;3.5
410005;09-06-2015 12:00:00;2.7
410005;09-06-2015 13:00:00;3.1
410005;09-06-2015 14:00:00;5.3
410005;09-06-2015 15:00:00;5.8
410005;09-06-2015 16:00:00;8.1
410005;09-06-2015 17:00:00;8.6
410005;09-06-2015 18:00:00;9.0
410005;09-06-2015 19:00:00;8.6
410005;09-06-2015 20:00:00;8.3
410005;09-06-2015 21:00:00;7.9
410005;09-06-2015 22:00:00;6.7
410005;09-06-2015 23:00:00;5.9
410005;10-06-2015 00:00:00;4.3
410005;10-06-2015 01:00:00;3.2
410005;10-06-2015 02:00:00;2.7
410005;10-06-2015 03:00:00;2.3
410005;10-06-2015 04:00:00;3.6
410005;10-06-2015 05:00:00;3.5
410005;10-06-2015 06:00:00;3.9
410005;10-06-2015 07:00:00;3.7
410005;10-06-2015 08:00:00;3.7
410005;10-06-2015 09:00:00;4.0
410005;10-06-2015 10:00:00;4.4
410005;10-06-2015 11:00:00;4.5
410005;10-06-2015 12:00:00;3.9
410005;10-06-2015 13:00:00;4.2
410005;10-06-2015 14:00:00;4.9
410005;10-06-2015 15:00:00;5.7
410005;10-06-2015 16:00:00;6.7
410005;10-06-2015 17:00:00;7.2
410005;10-06-2015 18:00:00;7.7
410005;10-06-2015 19:00:00;8.2
410005;10-06-2015 20:00:00;7.7
410005;10-06-2015 21:00:00;8.3
410005;10-06-2015 22:00:00;7.5
410005;10-06-2015 23:00:00;7.8
410005;11-06-2015 00:00:00;7.5
410005;11-06-2015 01:00:00;7.5
410005;11-06-2015 02:00:00;7.1
410005;11-06-2015 03:00:00;6.2
410005;11-06-2015 04:00:00;5.7
410005;11-06-2015 05:00:00;5.7
410005;11-06-2015 06:00:00;5.8
410005;11-06-2015 07:00:00;5.8
410005;11-06-2015 08:00:00;5.1
410005;11-06-2015 09:00:00;4.7
410005;11-06-2015 10:00:00;4.7
410005;11-06-2015 11:00:00;4.2
410005;11-06-2015 12:00:00;4.3
410005;11-06-2015 13:00:00;4.6
410005;11-06-2015 14:00:00;5.9
410005;11-06-2015 15:00:00;8.1
410005;11-06-2015 16:00:00;7.8
410005;11-06-2015 17:00:00;9.7
410005;11-06-2015 18:00:00;9.3
410005;11-06-2015 19:00:00;9.7
410005;11-06-2015 20:00:00;9.1
410005;11-06-2015 21:00:00;9.2
410005;11-06-2015 22:00:00;7.7
410005;11-06-2015 23:00:00;6.9
410005;12-06-2015 00:00:00;6.5
410005;12-06-2015 01:00:00;6.5
410005;12-06-2015 02:00:00;6.1
410005;12-06-2015 03:00:00;6.1
410005;12-06-2015 04:00:00;6.0
410005;12-06-2015 05:00:00;6.0
410005;12-06-2015 06:00:00;5.6
410005;12-06-2015 07:00:00;5.4
410005;12-06-2015 08:00:00;5.8
410005;12-06-2015 09:00:00;5.5
410005;12-06-2015 10:00:00;5.5
410005;12-06-2015 11:00:00;6.0
410005;12-06-2015 12:00:00;5.8
410005;12-06-2015 13:00:00;6.1
410005;12-06-2015 14:00:00;6.2
410005;12-06-2015 15:00:00;6.2
410005;12-06-2015 16:00:00;7.1
410005;12-06-2015 17:00:00;7.9
410005;12-06-2015 18:00:00;7.9
410005;12-06-2015 19:00:00;8.0
410005;12-06-2015 20:00:00;7.8
410005;12-06-2015 21:00:00;7.9
410005;12-06-2015 22:00:00;7.3
410005;12-06-2015 23:00:00;7.2
410005;13-06-2015 00:00:00;7.4
410005;13-06-2015 01:00:00;7.1
410005;13-06-2015 02:00:00;7.0
410005;13-06-2015 03:00:00;6.5
410005;13-06-2015 04:00:00;6.4
410005;13-06-2015 05:00:00;6.7
410005;13-06-2015 06:00:00;6.5
410005;13-06-2015 07:00:00;6.5
410005;13-06-2015 08:00:00;6.4
410005;13-06-2015 09:00:00;5.7
410005;13-06-2015 10:00:00;5.4
410005;13-06-2015 11:00:00;5.4
410005;13-06-2015 12:00:00;5.3
410005;13-06-2015 13:00:00;4.8
410005;13-06-2015 14:00:00;5.5
410005;13-06-2015 15:00:00;6.8
410005;13-06-2015 16:00:00;7.0
410005;13-06-2015 17:00:00;7.5
410005;13-06-2015 18:00:00;7.0
410005;13-06-2015 19:00:00;6.8
410005;13-06-2015 20:00:00;7.7
410005;13-06-2015 21:00:00;7.9
410005;13-06-2015 22:00:00;7.2
410005;13-06-2015 23:00:00;6.8
410005;14-06-2015 00:00:00;6.9
410005;14-06-2015 01:00:00;6.7
410005;14-06-2015 02:00:00;6.0
410005;14-06-2015 03:00:00;4.8
410005;14-06-2015 04:00:00;5.0
410005;14-06-2015 05:00:00;4.4
410005;14-06-2015 06:00:00;3.9
410005;14-06-2015 07:00:00;2.0
410005;14-06-2015 08:00:00;2.1
410005;14-06-2015 09:00:00;0.9
410005;14-06-2015 10:00:00;1.4
410005;14-06-2015 11:00:00;2.8
410005;14-06-2015 12:00:00;1.8
410005;14-06-2015 13:00:00;0.9
410005;14-06-2015 14:00:00;3.0
410005;14-06-2015 15:00:00;5.8
410005;14-06-2015 16:00:00;7.3
410005;14-06-2015 17:00:00;8.0
410005;14-06-2015 18:00:00;8.1
410005;14-06-2015 19:00:00;9.1
410005;14-06-2015 20:00:00;8.4
410005;14-06-2015 21:00:00;7.9
410005;14-06-2015 22:00:00;7.7
410005;14-06-2015 23:00:00;7.4
410005;15-06-2015 00:00:00;7.4
410005;15-06-2015 01:00:00;7.2
410005;15-06-2015 02:00:00;7.3
410005;15-06-2015 03:00:00;7.3
410005;15-06-2015 04:00:00;7.2
410005;15-06-2015 05:00:00;7.1
410005;15-06-2015 06:00:00;7.4
410005;15-06-2015 07:00:00;7.5
410005;15-06-2015 08:00:00;7.7
410005;15-06-2015 09:00:00;7.9
410005;15-06-2015 10:00:00;8.3
410005;15-06-2015 11:00:00;8.7
410005;15-06-2015 12:00:00;9.3
410005;15-06-2015 13:00:00;9.8
410005;15-06-2015 14:00:00;10.1
410005;15-06-2015 15:00:00;10.3
410005;15-06-2015 16:00:00;10.8
410005;15-06-2015 17:00:00;10.8
410005;15-06-2015 18:00:00;11.0
410005;15-06-2015 19:00:00;11.0
410005;15-06-2015 20:00:00;11.3
410005;15-06-2015 21:00:00;10.6
410005;15-06-2015 22:00:00;10.4
410005;15-06-2015 23:00:00;10.0
410005;16-06-2015 00:00:00;9.9
410005;16-06-2015 01:00:00;9.5
410005;16-06-2015 02:00:00;9.5
410005;16-06-2015 03:00:00;9.5
410005;16-06-2015 04:00:00;9.2
410005;16-06-2015 05:00:00;9.1
410005;16-06-2015 06:00:00;9.1
410005;16-06-2015 07:00:00;9.0
410005;16-06-2015 08:00:00;8.8
410005;16-06-2015 09:00:00;8.3
410005;16-06-2015 10:00:00;8.1
410005;16-06-2015 11:00:00;8.4
410005;16-06-2015 12:00:00;8.5
410005;16-06-2015 13:00:00;8.3
410005;16-06-2015 14:00:00;8.8
410005;16-06-2015 15:00:00;9.1
410005;16-06-2015 16:00:00;8.9
410005;16-06-2015 17:00:00;7.5
410005;16-06-2015 18:00:00;7.0
410005;16-06-2015 19:00:00;6.6
410005;16-06-2015 20:00:00;7.0
410005;16-06-2015 21:00:00;6.7
410005;16-06-2015 22:00:00;5.5
410005;16-06-2015 23:00:00;4.8
410005;17-06-2015 00:00:00;4.1
410005;17-06-2015 01:00:00;3.4
410005;17-06-2015 02:00:00;2.1
410005;17-06-2015 03:00:00;1.8
410005;17-06-2015 04:00:00;1.4
410005;17-06-2015 05:00:00;1.8
410005;17-06-2015 06:00:00;-0.1
410005;17-06-2015 07:00:00;-0.5
410005;17-06-2015 08:00:00;-0.5
410005;17-06-2015 09:00:00;-1.0
410005;17-06-2015 10:00:00;-0.2
410005;17-06-2015 11:00:00;-0.8
410005;17-06-2015 12:00:00;-1.1
410005;17-06-2015 13:00:00;-0.5
410005;17-06-2015 14:00:00;0.8
410005;17-06-2015 15:00:00;3.6
410005;17-06-2015 16:00:00;6.7
410005;17-06-2015 17:00:00;7.4
410005;17-06-2015 18:00:00;8.2
410005;17-06-2015 19:00:00;8.3
410005;17-06-2015 20:00:00;7.1
410005;17-06-2015 21:00:00;6.6
410005;17-06-2015 22:00:00;3.7
410005;17-06-2015 23:00:00;1.7
410005;18-06-2015 00:00:00;0.7
410005;18-06-2015 01:00:00;-0.2
410005;18-06-2015 02:00:00;-0.2
410005;18-06-2015 03:00:00;0.1
410005;18-06-2015 04:00:00;-0.4
410005;18-06-2015 05:00:00;-1.1
410005;18-06-2015 06:00:00;-1.5
410005;18-06-2015 07:00:00;-2.3
410005;18-06-2015 08:00:00;-2.3
410005;18-06-2015 09:00:00;-3.0
410005;18-06-2015 10:00:00;-3.2
410005;18-06-2015 11:00:00;-2.4
410005;18-06-2015 12:00:00;-2.5
410005;18-06-2015 13:00:00;-2.8
410005;18-06-2015 14:00:00;-0.4
410005;18-06-2015 15:00:00;2.2
410005;18-06-2015 16:00:00;3.4
410005;18-06-2015 17:00:00;5.2
410005;18-06-2015 18:00:00;5.1
410005;18-06-2015 19:00:00;5.7
410005;18-06-2015 20:00:00;6.5
410005;18-06-2015 21:00:00;6.1
410005;18-06-2015 22:00:00;4.4
410005;18-06-2015 23:00:00;3.3
410005;19-06-2015 00:00:00;3.3
410005;19-06-2015 01:00:00;2.3
410005;19-06-2015 02:00:00;1.5
410005;19-06-2015 03:00:00;1.7
410005;19-06-2015 04:00:00;1.7
410005;19-06-2015 05:00:00;1.8
410005;19-06-2015 06:00:00;2.4
410005;19-06-2015 07:00:00;2.3
410005;19-06-2015 08:00:00;4.1
410005;19-06-2015 09:00:00;3.5
410005;19-06-2015 10:00:00;3.6
410005;19-06-2015 11:00:00;4.2
410005;19-06-2015 12:00:00;5.8
410005;19-06-2015 13:00:00;6.1
410005;19-06-2015 14:00:00;5.8
410005;19-06-2015 15:00:00;5.8
410005;19-06-2015 16:00:00;6.1
410005;19-06-2015 17:00:00;5.9
410005;19-06-2015 18:00:00;6.3
410005;19-06-2015 19:00:00;6.6
410005;19-06-2015 20:00:00;6.8
410005;19-06-2015 21:00:00;6.9
410005;19-06-2015 22:00:00;6.7
410005;19-06-2015 23:00:00;6.9
410005;20-06-2015 00:00:00;6.7
410005;20-06-2015 01:00:00;7.1
410005;20-06-2015 02:00:00;7.1
410005;20-06-2015 03:00:00;7.3
410005;20-06-2015 04:00:00;7.2
410005;20-06-2015 05:00:00;7.2
410005;20-06-2015 06:00:00;7.3
410005;20-06-2015 07:00:00;7.2
410005;20-06-2015 08:00:00;6.6
410005;20-06-2015 09:00:00;7.5
410005;20-06-2015 10:00:00;8.0
410005;20-06-2015 11:00:00;7.7
410005;20-06-2015 12:00:00;5.9
410005;20-06-2015 13:00:00;5.6
410005;20-06-2015 14:00:00;7.1
410005;20-06-2015 15:00:00;8.0
410005;20-06-2015 16:00:00;9.8
410005;20-06-2015 17:00:00;9.8
410005;20-06-2015 18:00:00;9.7
410005;20-06-2015 19:00:00;9.8
410005;20-06-2015 20:00:00;9.6
410005;20-06-2015 21:00:00;9.4
410005;20-06-2015 22:00:00;8.7
410005;20-06-2015 23:00:00;8.4
410005;21-06-2015 00:00:00;7.7
410005;21-06-2015 01:00:00;7.3
410005;21-06-2015 02:00:00;7.3
410005;21-06-2015 03:00:00;7.0
410005;21-06-2015 04:00:00;7.3
410005;21-06-2015 05:00:00;6.6
410005;21-06-2015 06:00:00;6.8
410005;21-06-2015 07:00:00;6.9
410005;21-06-2015 08:00:00;6.5
410005;21-06-2015 09:00:00;6.4
410005;21-06-2015 10:00:00;6.4
410005;21-06-2015 11:00:00;5.7
410005;21-06-2015 12:00:00;6.4
410005;21-06-2015 13:00:00;5.7
410005;21-06-2015 14:00:00;6.3
410005;21-06-2015 15:00:00;8.0
410005;21-06-2015 16:00:00;8.9
410005;21-06-2015 17:00:00;9.4
410005;21-06-2015 18:00:00;9.7
410005;21-06-2015 19:00:00;9.0
410005;21-06-2015 20:00:00;8.3
410005;21-06-2015 21:00:00;6.9
410005;21-06-2015 22:00:00;6.1
410005;21-06-2015 23:00:00;4.9
410005;22-06-2015 00:00:00;4.9
410005;22-06-2015 01:00:00;4.3
410005;22-06-2015 02:00:00;3.7
410005;22-06-2015 03:00:00;4.7
410005;22-06-2015 04:00:00;3.3
410005;22-06-2015 05:00:00;1.3
410005;22-06-2015 06:00:00;1.3
410005;22-06-2015 07:00:00;1.4
410005;22-06-2015 08:00:00;0.1
410005;22-06-2015 09:00:00;-1.0
410005;22-06-2015 10:00:00;-1.3
410005;22-06-2015 11:00:00;-1.5
410005;22-06-2015 12:00:00;-1.4
410005;22-06-2015 13:00:00;-1.2
410005;22-06-2015 14:00:00;1.3
410005;22-06-2015 15:00:00;5.8
410005;22-06-2015 16:00:00;6.8
410005;22-06-2015 17:00:00;7.7
410005;22-06-2015 18:00:00;7.9
410005;22-06-2015 19:00:00;8.0
410005;22-06-2015 20:00:00;7.4
410005;22-06-2015 21:00:00;6.7
410005;22-06-2015 22:00:00;4.4
410005;22-06-2015 23:00:00;1.8
410005;23-06-2015 00:00:00;-0.5
410005;23-06-2015 01:00:00;-0.6
410005;23-06-2015 02:00:00;-0.7
410005;23-06-2015 03:00:00;-1.3
410005;23-06-2015 04:00:00;-1.7
410005;23-06-2015 05:00:00;-2.1
410005;23-06-2015 06:00:00;-1.9
410005;23-06-2015 07:00:00;-2.2
410005;23-06-2015 08:00:00;-2.7
410005;23-06-2015 09:00:00;-2.4
410005;23-06-2015 10:00:00;-3.2
410005;23-06-2015 11:00:00;-3.2
410005;23-06-2015 12:00:00;-3.4
410005;23-06-2015 13:00:00;-2.5
410005;23-06-2015 14:00:00;-0.6
410005;23-06-2015 15:00:00;4.6
410005;23-06-2015 16:00:00;5.9
410005;23-06-2015 17:00:00;5.5
410005;23-06-2015 18:00:00;7.6
410005;23-06-2015 19:00:00;9.0
410005;23-06-2015 20:00:00;8.7
410005;23-06-2015 21:00:00;7.8
410005;23-06-2015 22:00:00;6.2
410005;23-06-2015 23:00:00;5.3
410005;24-06-2015 00:00:00;5.1
410005;24-06-2015 01:00:00;4.8
410005;24-06-2015 02:00:00;2.0
410005;24-06-2015 03:00:00;2.4
410005;24-06-2015 04:00:00;2.0
410005;24-06-2015 05:00:00;4.9
410005;24-06-2015 06:00:00;6.2
410005;24-06-2015 07:00:00;3.1
410005;24-06-2015 08:00:00;2.9
410005;24-06-2015 09:00:00;3.1
410005;24-06-2015 10:00:00;2.9
410005;24-06-2015 11:00:00;2.8
410005;24-06-2015 12:00:00;2.9
410005;24-06-2015 13:00:00;7.6
410005;24-06-2015 14:00:00;8.8
410005;24-06-2015 15:00:00;9.6
410005;24-06-2015 16:00:00;9.9
410005;24-06-2015 17:00:00;10.0
410005;24-06-2015 18:00:00;11.3
410005;24-06-2015 19:00:00;11.4
410005;24-06-2015 20:00:00;11.6
410005;24-06-2015 21:00:00;11.1
410005;24-06-2015 22:00:00;11.4
410005;24-06-2015 23:00:00;11.2
410005;25-06-2015 00:00:00;11.1
410005;25-06-2015 01:00:00;11.9
410005;25-06-2015 02:00:00;12.1
410005;25-06-2015 03:00:00;12.3
410005;25-06-2015 04:00:00;12.0
410005;25-06-2015 05:00:00;12.4
410005;25-06-2015 06:00:00;12.4
410005;25-06-2015 07:00:00;12.2
410005;25-06-2015 08:00:00;12.5
410005;25-06-2015 09:00:00;12.8
410005;25-06-2015 10:00:00;12.4
410005;25-06-2015 11:00:00;12.5
410005;25-06-2015 12:00:00;12.4
410005;25-06-2015 13:00:00;12.4
410005;25-06-2015 14:00:00;13.0
410005;25-06-2015 15:00:00;13.3
410005;25-06-2015 16:00:00;13.5
410005;25-06-2015 17:00:00;13.7
410005;25-06-2015 18:00:00;14.8
410005;25-06-2015 19:00:00;15.6
410005;25-06-2015 20:00:00;15.1
410005;25-06-2015 21:00:00;14.3
410005;25-06-2015 22:00:00;13.8
410005;25-06-2015 23:00:00;13.6
410005;26-06-2015 00:00:00;13.5
410005;26-06-2015 01:00:00;13.3
410005;26-06-2015 02:00:00;13.3
410005;26-06-2015 03:00:00;13.3
410005;26-06-2015 04:00:00;13.1
410005;26-06-2015 05:00:00;13.0
410005;26-06-2015 06:00:00;12.9
410005;26-06-2015 07:00:00;12.7
410005;26-06-2015 08:00:00;11.9
410005;26-06-2015 09:00:00;12.3
410005;26-06-2015 10:00:00;12.0
410005;26-06-2015 11:00:00;11.7
410005;26-06-2015 12:00:00;11.6
410005;26-06-2015 13:00:00;11.4
410005;26-06-2015 14:00:00;11.5
410005;26-06-2015 15:00:00;11.5
410005;26-06-2015 16:00:00;11.7
410005;26-06-2015 17:00:00;11.6
410005;26-06-2015 18:00:00;11.9
410005;26-06-2015 19:00:00;12.2
410005;26-06-2015 20:00:00;12.2
410005;26-06-2015 21:00:00;11.7
410005;26-06-2015 22:00:00;10.4
410005;26-06-2015 23:00:00;9.6
410005;27-06-2015 00:00:00;9.0
410005;27-06-2015 01:00:00;8.5
410005;27-06-2015 02:00:00;7.8
410005;27-06-2015 03:00:00;7.6
410005;27-06-2015 04:00:00;7.9
410005;27-06-2015 05:00:00;7.5
410005;27-06-2015 06:00:00;7.0
410005;27-06-2015 07:00:00;7.0
410005;27-06-2015 08:00:00;5.5
410005;27-06-2015 09:00:00;5.5
410005;27-06-2015 10:00:00;3.3
410005;27-06-2015 11:00:00;2.9
410005;27-06-2015 12:00:00;2.3
410005;27-06-2015 13:00:00;1.5
410005;27-06-2015 14:00:00;3.4
410005;27-06-2015 15:00:00;7.3
410005;27-06-2015 16:00:00;8.4
410005;27-06-2015 17:00:00;8.5
410005;27-06-2015 18:00:00;8.4
410005;27-06-2015 19:00:00;8.3
410005;27-06-2015 20:00:00;8.6
410005;27-06-2015 21:00:00;6.7
410005;27-06-2015 22:00:00;4.9
410005;27-06-2015 23:00:00;4.8
410005;28-06-2015 00:00:00;4.9
410005;28-06-2015 01:00:00;5.0
410005;28-06-2015 02:00:00;4.9
410005;28-06-2015 03:00:00;5.1
410005;28-06-2015 04:00:00;4.6
410005;28-06-2015 05:00:00;4.6
410005;28-06-2015 06:00:00;4.8
410005;28-06-2015 07:00:00;4.7
410005;28-06-2015 08:00:00;5.0
410005;28-06-2015 09:00:00;5.0
410005;28-06-2015 10:00:00;5.2
410005;28-06-2015 11:00:00;5.4
410005;28-06-2015 12:00:00;5.4
410005;28-06-2015 13:00:00;5.3
410005;28-06-2015 14:00:00;5.6
410005;28-06-2015 15:00:00;5.3
410005;28-06-2015 16:00:00;6.2
410005;28-06-2015 17:00:00;6.6
410005;28-06-2015 18:00:00;7.1
410005;28-06-2015 19:00:00;7.3
410005;28-06-2015 20:00:00;7.3
410005;28-06-2015 21:00:00;7.5
410005;28-06-2015 22:00:00;7.6
410005;28-06-2015 23:00:00;7.7
410005;29-06-2015 00:00:00;7.9
410005;29-06-2015 01:00:00;7.9
410005;29-06-2015 02:00:00;8.0
410005;29-06-2015 03:00:00;8.2
410005;29-06-2015 04:00:00;8.2
410005;29-06-2015 05:00:00;8.5
410005;29-06-2015 06:00:00;8.1
410005;29-06-2015 07:00:00;8.0
410005;29-06-2015 08:00:00;7.6
410005;29-06-2015 09:00:00;7.3
410005;29-06-2015 10:00:00;7.2
410005;29-06-2015 11:00:00;7.0
410005;29-06-2015 12:00:00;7.0
410005;29-06-2015 13:00:00;7.0
410005;29-06-2015 14:00:00;7.5
410005;29-06-2015 15:00:00;7.8
410005;29-06-2015 16:00:00;8.7
410005;29-06-2015 17:00:00;9.0
410005;29-06-2015 18:00:00;9.5
410005;29-06-2015 19:00:00;9.5
410005;29-06-2015 20:00:00;9.4
410005;29-06-2015 21:00:00;9.6
410005;29-06-2015 22:00:00;9.4
410005;29-06-2015 23:00:00;9.3
410005;30-06-2015 00:00:00;9.3
410005;30-06-2015 01:00:00;9.3
410005;30-06-2015 02:00:00;9.3
410005;30-06-2015 03:00:00;9.2
410005;30-06-2015 04:00:00;9.3
410005;30-06-2015 05:00:00;9.2
410005;30-06-2015 06:00:00;9.1
410005;30-06-2015 07:00:00;8.9
410005;30-06-2015 08:00:00;8.8
410005;30-06-2015 09:00:00;8.5
410005;30-06-2015 10:00:00;7.4
410005;30-06-2015 11:00:00;6.6
410005;30-06-2015 12:00:00;6.1
410005;30-06-2015 13:00:00;6.0
410005;30-06-2015 14:00:00;6.1
410005;30-06-2015 15:00:00;7.8
410005;30-06-2015 16:00:00;8.4
410005;30-06-2015 17:00:00;9.0
410005;30-06-2015 18:00:00;8.7
410005;30-06-2015 19:00:00;9.0
410005;30-06-2015 20:00:00;8.2
410005;30-06-2015 21:00:00;7.2
410005;30-06-2015 22:00:00;5.0
410005;30-06-2015 23:00:00;3.8
410005;01-07-2015 00:00:00;2.6
410005;01-07-2015 01:00:00;1.6
410005;01-07-2015 02:00:00;1.4
410005;01-07-2015 03:00:00;0.2
410005;01-07-2015 04:00:00;-0.3
410005;01-07-2015 05:00:00;0.8
410005;01-07-2015 06:00:00;0.3
410005;01-07-2015 07:00:00;0.4
410005;01-07-2015 08:00:00;0.6
410005;01-07-2015 09:00:00;1.2
410005;01-07-2015 10:00:00;1.4
410005;01-07-2015 11:00:00;1.8
410005;01-07-2015 12:00:00;2.5
410005;01-07-2015 13:00:00;3.1
410005;01-07-2015 14:00:00;3.8
410005;01-07-2015 15:00:00;5.1
410005;01-07-2015 16:00:00;5.9
410005;01-07-2015 17:00:00;7.0
410005;01-07-2015 18:00:00;7.3
410005;01-07-2015 19:00:00;8.2
410005;01-07-2015 20:00:00;8.1
410005;01-07-2015 21:00:00;8.2
410005;01-07-2015 22:00:00;7.7
410005;01-07-2015 23:00:00;7.5
410005;02-07-2015 00:00:00;7.1
410005;02-07-2015 01:00:00;7.0
410005;02-07-2015 02:00:00;6.7
410005;02-07-2015 03:00:00;6.7
410005;02-07-2015 04:00:00;7.0
410005;02-07-2015 05:00:00;7.2
410005;02-07-2015 06:00:00;6.8
410005;02-07-2015 07:00:00;6.6
410005;02-07-2015 08:00:00;7.0
410005;02-07-2015 09:00:00;6.1
410005;02-07-2015 10:00:00;4.8
410005;02-07-2015 11:00:00;5.0
410005;02-07-2015 12:00:00;5.7
410005;02-07-2015 13:00:00;4.9
410005;02-07-2015 14:00:00;5.0
410005;02-07-2015 15:00:00;7.0
410005;02-07-2015 16:00:00;9.2
410005;02-07-2015 17:00:00;9.4
410005;02-07-2015 18:00:00;9.9
410005;02-07-2015 19:00:00;9.5
410005;02-07-2015 20:00:00;9.1
410005;02-07-2015 21:00:00;8.8
410005;02-07-2015 22:00:00;6.8
410005;02-07-2015 23:00:00;4.3
410005;03-07-2015 00:00:00;3.2
410005;03-07-2015 01:00:00;4.8
410005;03-07-2015 02:00:00;3.4
410005;03-07-2015 03:00:00;2.2
410005;03-07-2015 04:00:00;3.1
410005;03-07-2015 05:00:00;1.8
410005;03-07-2015 06:00:00;1.8
410005;03-07-2015 07:00:00;-0.2
410005;03-07-2015 08:00:00;-0.4
410005;03-07-2015 09:00:00;-0.5
410005;03-07-2015 10:00:00;-0.9
410005;03-07-2015 11:00:00;0.0
410005;03-07-2015 12:00:00;0.3
410005;03-07-2015 13:00:00;0.3
410005;03-07-2015 14:00:00;1.4
410005;03-07-2015 15:00:00;2.8
410005;03-07-2015 16:00:00;4.5
410005;03-07-2015 17:00:00;6.6
410005;03-07-2015 18:00:00;8.4
410005;03-07-2015 19:00:00;8.8
410005;03-07-2015 20:00:00;8.6
410005;03-07-2015 21:00:00;7.1
410005;03-07-2015 22:00:00;4.8
410005;03-07-2015 23:00:00;2.5
410005;04-07-2015 00:00:00;1.0
410005;04-07-2015 01:00:00;0.1
410005;04-07-2015 02:00:00;-0.4
410005;04-07-2015 03:00:00;-0.3
410005;04-07-2015 04:00:00;-0.9
410005;04-07-2015 05:00:00;-0.5
410005;04-07-2015 06:00:00;0.0
410005;04-07-2015 07:00:00;0.8
410005;04-07-2015 08:00:00;1.3
410005;04-07-2015 09:00:00;1.6
410005;04-07-2015 10:00:00;1.9
410005;04-07-2015 11:00:00;2.2
410005;04-07-2015 12:00:00;1.8
410005;04-07-2015 13:00:00;1.2
410005;04-07-2015 14:00:00;1.8
410005;04-07-2015 15:00:00;3.2
410005;04-07-2015 16:00:00;4.6
410005;04-07-2015 17:00:00;5.1
410005;04-07-2015 18:00:00;4.5
410005;04-07-2015 19:00:00;5.7
410005;04-07-2015 20:00:00;6.5
410005;04-07-2015 21:00:00;6.8
410005;04-07-2015 22:00:00;6.5
410005;04-07-2015 23:00:00;6.7
410005;05-07-2015 00:00:00;6.7
410005;05-07-2015 01:00:00;7.0
410005;05-07-2015 02:00:00;7.0
410005;05-07-2015 03:00:00;6.7
410005;05-07-2015 04:00:00;6.7
410005;05-07-2015 05:00:00;6.7
410005;05-07-2015 06:00:00;6.6
410005;05-07-2015 07:00:00;6.3
410005;05-07-2015 08:00:00;5.6
410005;05-07-2015 09:00:00;5.9
410005;05-07-2015 10:00:00;6.2
410005;05-07-2015 11:00:00;5.8
410005;05-07-2015 12:00:00;5.8
410005;05-07-2015 13:00:00;6.1
410005;05-07-2015 14:00:00;7.4
410005;05-07-2015 15:00:00;7.5
410005;05-07-2015 16:00:00;8.1
410005;05-07-2015 17:00:00;9.6
410005;05-07-2015 18:00:00;10.4
410005;05-07-2015 19:00:00;9.7
410005;05-07-2015 20:00:00;9.5
410005;05-07-2015 21:00:00;8.8
410005;05-07-2015 22:00:00;8.2
410005;05-07-2015 23:00:00;8.0
410005;06-07-2015 00:00:00;7.5
410005;06-07-2015 01:00:00;7.2
410005;06-07-2015 02:00:00;6.8
410005;06-07-2015 03:00:00;6.5
410005;06-07-2015 04:00:00;7.2
410005;06-07-2015 05:00:00;7.2
410005;06-07-2015 06:00:00;7.4
410005;06-07-2015 07:00:00;7.5
410005;06-07-2015 08:00:00;7.5
410005;06-07-2015 09:00:00;7.4
410005;06-07-2015 10:00:00;7.5
410005;06-07-2015 11:00:00;7.2
410005;06-07-2015 12:00:00;7.3
410005;06-07-2015 13:00:00;7.2
410005;06-07-2015 14:00:00;7.9
410005;06-07-2015 15:00:00;8.8
410005;06-07-2015 16:00:00;9.8
410005;06-07-2015 17:00:00;9.8
410005;06-07-2015 18:00:00;10.7
410005;06-07-2015 19:00:00;11.7
410005;06-07-2015 20:00:00;11.2
410005;06-07-2015 21:00:00;10.7
410005;06-07-2015 22:00:00;9.6
410005;06-07-2015 23:00:00;9.0
410005;07-07-2015 00:00:00;8.4
410005;07-07-2015 01:00:00;8.0
410005;07-07-2015 02:00:00;8.4
410005;07-07-2015 03:00:00;8.4
410005;07-07-2015 04:00:00;8.0
410005;07-07-2015 05:00:00;8.2
410005;07-07-2015 06:00:00;8.0
410005;07-07-2015 07:00:00;7.8
410005;07-07-2015 08:00:00;8.2
410005;07-07-2015 09:00:00;8.6
410005;07-07-2015 10:00:00;8.8
410005;07-07-2015 11:00:00;8.6
410005;07-07-2015 12:00:00;9.2
410005;07-07-2015 13:00:00;9.4
410005;07-07-2015 14:00:00;10.0
410005;07-07-2015 15:00:00;10.2
410005;07-07-2015 16:00:00;10.2
410005;07-07-2015 17:00:00;10.0
410005;07-07-2015 18:00:00;9.7
410005;07-07-2015 19:00:00;9.2
410005;07-07-2015 20:00:00;8.9
410005;07-07-2015 21:00:00;8.9
410005;07-07-2015 22:00:00;8.6
410005;07-07-2015 23:00:00;7.9
410005;08-07-2015 00:00:00;8.4
410005;08-07-2015 01:00:00;8.8
410005;08-07-2015 02:00:00;9.0
410005;08-07-2015 03:00:00;9.2
410005;08-07-2015 04:00:00;10.2
410005;08-07-2015 05:00:00;9.6
410005;08-07-2015 06:00:00;10.5
410005;08-07-2015 07:00:00;12.3
410005;08-07-2015 08:00:00;14.4
410005;08-07-2015 09:00:00;16.5
410005;08-07-2015 10:00:00;15.5
410005;08-07-2015 11:00:00;11.2
410005;08-07-2015 12:00:00;11.9
410005;08-07-2015 13:00:00;10.2
410005;08-07-2015 14:00:00;10.4
410005;08-07-2015 15:00:00;9.5
410005;08-07-2015 16:00:00;10.6
410005;08-07-2015 17:00:00;11.2
410005;08-07-2015 18:00:00;10.2
410005;08-07-2015 19:00:00;10.4
410005;08-07-2015 20:00:00;9.4
410005;08-07-2015 21:00:00;8.6
410005;08-07-2015 22:00:00;8.0
410005;08-07-2015 23:00:00;7.8
410005;09-07-2015 00:00:00;7.8
410005;09-07-2015 01:00:00;7.8
410005;09-07-2015 02:00:00;7.5
410005;09-07-2015 03:00:00;7.3
410005;09-07-2015 04:00:00;7.0
410005;09-07-2015 05:00:00;7.0
410005;09-07-2015 06:00:00;6.7
410005;09-07-2015 07:00:00;6.5
410005;09-07-2015 08:00:00;5.6
410005;09-07-2015 09:00:00;6.0
410005;09-07-2015 10:00:00;5.0
410005;09-07-2015 11:00:00;4.8
410005;09-07-2015 12:00:00;4.7
410005;09-07-2015 13:00:00;5.1
410005;09-07-2015 14:00:00;8.0
410005;09-07-2015 15:00:00;12.3
410005;09-07-2015 16:00:00;7.9
410005;09-07-2015 17:00:00;8.5
410005;09-07-2015 18:00:00;8.3
410005;09-07-2015 19:00:00;9.2
410005;09-07-2015 20:00:00;7.5
410005;09-07-2015 21:00:00;7.9
410005;09-07-2015 22:00:00;5.0
410005;09-07-2015 23:00:00;3.6
410005;10-07-2015 00:00:00;2.2
410005;10-07-2015 01:00:00;1.7
410005;10-07-2015 02:00:00;2.3
410005;10-07-2015 03:00:00;1.7
410005;10-07-2015 04:00:00;2.0
410005;10-07-2015 05:00:00;1.0
410005;10-07-2015 06:00:00;1.0
410005;10-07-2015 07:00:00;1.2
410005;10-07-2015 08:00:00;1.5
410005;10-07-2015 09:00:00;0.9
410005;10-07-2015 10:00:00;0.8
410005;10-07-2015 11:00:00;0.5
410005;10-07-2015 12:00:00;0.4
410005;10-07-2015 13:00:00;1.4
410005;10-07-2015 14:00:00;2.3
410005;10-07-2015 15:00:00;6.2
410005;10-07-2015 16:00:00;7.5
410005;10-07-2015 17:00:00;9.0
410005;10-07-2015 18:00:00;9.2
410005;10-07-2015 19:00:00;8.9
410005;10-07-2015 20:00:00;8.8
410005;10-07-2015 21:00:00;7.3
410005;10-07-2015 22:00:00;6.8
410005;10-07-2015 23:00:00;6.7
410005;11-07-2015 00:00:00;6.1
410005;11-07-2015 01:00:00;5.7
410005;11-07-2015 02:00:00;5.2
410005;11-07-2015 03:00:00;4.4
410005;11-07-2015 04:00:00;4.3
410005;11-07-2015 05:00:00;4.8
410005;11-07-2015 06:00:00;3.9
410005;11-07-2015 07:00:00;2.6
410005;11-07-2015 08:00:00;2.4
410005;11-07-2015 09:00:00;1.7
410005;11-07-2015 10:00:00;3.0
410005;11-07-2015 11:00:00;2.8
410005;11-07-2015 12:00:00;3.3
410005;11-07-2015 13:00:00;2.5
410005;11-07-2015 14:00:00;5.0
410005;11-07-2015 15:00:00;5.8
410005;11-07-2015 16:00:00;7.6
410005;11-07-2015 17:00:00;8.3
410005;11-07-2015 18:00:00;8.8
410005;11-07-2015 19:00:00;8.1
410005;11-07-2015 20:00:00;8.6
410005;11-07-2015 21:00:00;7.6
410005;11-07-2015 22:00:00;5.2
410005;11-07-2015 23:00:00;3.1
410005;12-07-2015 00:00:00;1.7
410005;12-07-2015 01:00:00;1.6
410005;12-07-2015 02:00:00;2.4
410005;12-07-2015 03:00:00;3.2
410005;12-07-2015 04:00:00;2.4
410005;12-07-2015 05:00:00;2.7
410005;12-07-2015 06:00:00;3.5
410005;12-07-2015 07:00:00;3.0
410005;12-07-2015 08:00:00;2.9
410005;12-07-2015 09:00:00;4.6
410005;12-07-2015 10:00:00;5.2
410005;12-07-2015 11:00:00;5.5
410005;12-07-2015 12:00:00;4.3
410005;12-07-2015 13:00:00;3.4
410005;12-07-2015 14:00:00;5.5
410005;12-07-2015 15:00:00;6.6
410005;12-07-2015 16:00:00;7.4
410005;12-07-2015 17:00:00;7.9
410005;12-07-2015 18:00:00;7.7
410005;12-07-2015 19:00:00;8.4
410005;12-07-2015 20:00:00;7.5
410005;12-07-2015 21:00:00;6.9
410005;12-07-2015 22:00:00;4.1
410005;12-07-2015 23:00:00;3.7
410005;13-07-2015 00:00:00;3.4
410005;13-07-2015 01:00:00;2.3
410005;13-07-2015 02:00:00;2.5
410005;13-07-2015 03:00:00;1.7
410005;13-07-2015 04:00:00;2.5
410005;13-07-2015 05:00:00;3.4
410005;13-07-2015 06:00:00;3.3
410005;13-07-2015 07:00:00;3.3
410005;13-07-2015 08:00:00;3.6
410005;13-07-2015 09:00:00;3.6
410005;13-07-2015 10:00:00;3.4
410005;13-07-2015 11:00:00;3.7
410005;13-07-2015 12:00:00;3.3
410005;13-07-2015 13:00:00;1.4
410005;13-07-2015 14:00:00;1.3
410005;13-07-2015 15:00:00;2.3
410005;13-07-2015 16:00:00;4.7
410005;13-07-2015 17:00:00;6.2
410005;13-07-2015 18:00:00;7.3
410005;13-07-2015 19:00:00;7.9
410005;13-07-2015 20:00:00;5.7
410005;13-07-2015 21:00:00;5.9
410005;13-07-2015 22:00:00;5.6
410005;13-07-2015 23:00:00;5.3
410005;14-07-2015 00:00:00;5.1
410005;14-07-2015 01:00:00;4.4
410005;14-07-2015 02:00:00;4.1
410005;14-07-2015 03:00:00;3.7
410005;14-07-2015 04:00:00;3.7
410005;14-07-2015 05:00:00;3.4
410005;14-07-2015 06:00:00;3.7
410005;14-07-2015 07:00:00;3.6
410005;14-07-2015 08:00:00;2.8
410005;14-07-2015 09:00:00;2.6
410005;14-07-2015 10:00:00;2.6
410005;14-07-2015 11:00:00;3.9
410005;14-07-2015 12:00:00;3.8
410005;14-07-2015 13:00:00;4.1
410005;14-07-2015 14:00:00;4.6
410005;14-07-2015 15:00:00;5.8
410005;14-07-2015 16:00:00;6.3
410005;14-07-2015 17:00:00;7.7
410005;14-07-2015 18:00:00;8.3
410005;14-07-2015 19:00:00;7.9
410005;14-07-2015 20:00:00;8.0
410005;14-07-2015 21:00:00;7.8
410005;14-07-2015 22:00:00;7.3
410005;14-07-2015 23:00:00;7.7
410005;15-07-2015 00:00:00;7.8
410005;15-07-2015 01:00:00;7.7
410005;15-07-2015 02:00:00;7.8
410005;15-07-2015 03:00:00;7.3
410005;15-07-2015 04:00:00;7.7
410005;15-07-2015 05:00:00;8.0
410005;15-07-2015 06:00:00;8.1
410005;15-07-2015 07:00:00;8.3
410005;15-07-2015 08:00:00;8.5
410005;15-07-2015 09:00:00;7.9
410005;15-07-2015 10:00:00;7.8
410005;15-07-2015 11:00:00;7.3
410005;15-07-2015 12:00:00;7.0
410005;15-07-2015 13:00:00;6.5
410005;15-07-2015 14:00:00;6.9
410005;15-07-2015 15:00:00;7.6
410005;15-07-2015 16:00:00;9.0
410005;15-07-2015 17:00:00;9.3
410005;15-07-2015 18:00:00;7.9
410005;15-07-2015 19:00:00;9.2
410005;15-07-2015 20:00:00;9.5
410005;15-07-2015 21:00:00;8.3
410005;15-07-2015 22:00:00;5.7
410005;15-07-2015 23:00:00;3.2
410005;16-07-2015 00:00:00;3.7
410005;16-07-2015 01:00:00;4.1
410005;16-07-2015 02:00:00;4.7
410005;16-07-2015 03:00:00;3.2
410005;16-07-2015 04:00:00;2.7
410005;16-07-2015 05:00:00;2.3
410005;16-07-2015 06:00:00;3.4
410005;16-07-2015 07:00:00;3.7
410005;16-07-2015 08:00:00;3.7
410005;16-07-2015 09:00:00;4.5
410005;16-07-2015 10:00:00;4.5
410005;16-07-2015 11:00:00;4.9
410005;16-07-2015 12:00:00;4.7
410005;16-07-2015 13:00:00;5.4
410005;16-07-2015 14:00:00;5.9
410005;16-07-2015 15:00:00;7.3
410005;16-07-2015 16:00:00;8.6
410005;16-07-2015 17:00:00;8.5
410005;16-07-2015 18:00:00;8.5
410005;16-07-2015 19:00:00;8.4
410005;16-07-2015 20:00:00;8.5
410005;16-07-2015 21:00:00;8.1
410005;16-07-2015 22:00:00;8.1
410005;16-07-2015 23:00:00;8.0
410005;17-07-2015 00:00:00;8.2
410005;17-07-2015 01:00:00;8.3
410005;17-07-2015 02:00:00;8.5
410005;17-07-2015 03:00:00;8.5
410005;17-07-2015 04:00:00;9.2
410005;17-07-2015 05:00:00;9.5
410005;17-07-2015 06:00:00;9.1
410005;17-07-2015 07:00:00;9.3
410005;17-07-2015 08:00:00;9.5
410005;17-07-2015 09:00:00;9.1
410005;17-07-2015 10:00:00;7.8
410005;17-07-2015 11:00:00;7.4
410005;17-07-2015 12:00:00;7.0
410005;17-07-2015 13:00:00;7.0
410005;17-07-2015 14:00:00;6.7
410005;17-07-2015 15:00:00;6.6
410005;17-07-2015 16:00:00;6.8
410005;17-07-2015 17:00:00;6.9
410005;17-07-2015 18:00:00;6.9
410005;17-07-2015 19:00:00;7.1
410005;17-07-2015 20:00:00;7.5
410005;17-07-2015 21:00:00;7.3
410005;17-07-2015 22:00:00;6.1
410005;17-07-2015 23:00:00;4.5
410005;18-07-2015 00:00:00;3.7
410005;18-07-2015 01:00:00;1.0
410005;18-07-2015 02:00:00;0.8
410005;18-07-2015 03:00:00;0.8
410005;18-07-2015 04:00:00;1.0
410005;18-07-2015 05:00:00;0.0
410005;18-07-2015 06:00:00;1.3
410005;18-07-2015 07:00:00;0.3
410005;18-07-2015 08:00:00;0.8
410005;18-07-2015 09:00:00;1.5
410005;18-07-2015 10:00:00;1.7
410005;18-07-2015 11:00:00;1.2
410005;18-07-2015 12:00:00;1.8
410005;18-07-2015 13:00:00;1.9
410005;18-07-2015 14:00:00;3.6
410005;18-07-2015 15:00:00;5.6
410005;18-07-2015 16:00:00;6.7
410005;18-07-2015 17:00:00;6.8
410005;18-07-2015 18:00:00;7.9
410005;18-07-2015 19:00:00;7.5
410005;18-07-2015 20:00:00;7.1
410005;18-07-2015 21:00:00;7.0
410005;18-07-2015 22:00:00;6.8
410005;18-07-2015 23:00:00;5.8
410005;19-07-2015 00:00:00;6.2
410005;19-07-2015 01:00:00;5.3
410005;19-07-2015 02:00:00;5.5
410005;19-07-2015 03:00:00;5.7
410005;19-07-2015 04:00:00;5.1
410005;19-07-2015 05:00:00;3.8
410005;19-07-2015 06:00:00;2.2
410005;19-07-2015 07:00:00;3.2
410005;19-07-2015 08:00:00;3.1
410005;19-07-2015 09:00:00;2.3
410005;19-07-2015 10:00:00;1.7
410005;19-07-2015 11:00:00;1.2
410005;19-07-2015 12:00:00;0.6
410005;19-07-2015 13:00:00;0.6
410005;19-07-2015 14:00:00;2.2
410005;19-07-2015 15:00:00;4.7
410005;19-07-2015 16:00:00;6.6
410005;19-07-2015 17:00:00;7.3
410005;19-07-2015 18:00:00;8.0
410005;19-07-2015 19:00:00;6.8
410005;19-07-2015 20:00:00;6.7
410005;19-07-2015 21:00:00;6.9
410005;19-07-2015 22:00:00;5.6
410005;19-07-2015 23:00:00;4.8
410005;20-07-2015 00:00:00;4.0
410005;20-07-2015 01:00:00;3.2
410005;20-07-2015 02:00:00;0.6
410005;20-07-2015 03:00:00;-0.4
410005;20-07-2015 04:00:00;-0.4
410005;20-07-2015 05:00:00;-0.5
410005;20-07-2015 06:00:00;-0.4
410005;20-07-2015 07:00:00;0.3
410005;20-07-2015 08:00:00;0.1
410005;20-07-2015 09:00:00;-0.1
410005;20-07-2015 10:00:00;0.8
410005;20-07-2015 11:00:00;1.0
410005;20-07-2015 12:00:00;0.9
410005;20-07-2015 13:00:00;1.8
410005;20-07-2015 14:00:00;2.3
410005;20-07-2015 15:00:00;3.6
410005;20-07-2015 16:00:00;4.8
410005;20-07-2015 17:00:00;5.7
410005;20-07-2015 18:00:00;6.2
410005;20-07-2015 19:00:00;6.0
410005;20-07-2015 20:00:00;5.5
410005;20-07-2015 21:00:00;5.3
410005;20-07-2015 22:00:00;5.8
410005;20-07-2015 23:00:00;5.9
410005;21-07-2015 00:00:00;6.0
410005;21-07-2015 01:00:00;6.2
410005;21-07-2015 02:00:00;6.1
410005;21-07-2015 03:00:00;6.4
410005;21-07-2015 04:00:00;6.6
410005;21-07-2015 05:00:00;6.8
410005;21-07-2015 06:00:00;6.9
410005;21-07-2015 07:00:00;6.8
410005;21-07-2015 08:00:00;6.1
410005;21-07-2015 09:00:00;5.9
410005;21-07-2015 10:00:00;5.9
410005;21-07-2015 11:00:00;5.6
410005;21-07-2015 12:00:00;5.6
410005;21-07-2015 13:00:00;5.9
410005;21-07-2015 14:00:00;6.2
410005;21-07-2015 15:00:00;6.8
410005;21-07-2015 16:00:00;7.8
410005;21-07-2015 17:00:00;8.5
410005;21-07-2015 18:00:00;9.4
410005;21-07-2015 19:00:00;9.9
410005;21-07-2015 20:00:00;9.9
410005;21-07-2015 21:00:00;9.4
410005;21-07-2015 22:00:00;8.6
410005;21-07-2015 23:00:00;7.8
410005;22-07-2015 00:00:00;7.1
410005;22-07-2015 01:00:00;6.4
410005;22-07-2015 02:00:00;6.5
410005;22-07-2015 03:00:00;7.7
410005;22-07-2015 04:00:00;7.6
410005;22-07-2015 05:00:00;7.0
410005;22-07-2015 06:00:00;6.7
410005;22-07-2015 07:00:00;6.5
410005;22-07-2015 08:00:00;6.3
410005;22-07-2015 09:00:00;7.4
410005;22-07-2015 10:00:00;8.0
410005;22-07-2015 11:00:00;8.1
410005;22-07-2015 12:00:00;8.1
410005;22-07-2015 13:00:00;8.4
410005;22-07-2015 14:00:00;9.0
410005;22-07-2015 15:00:00;9.2
410005;22-07-2015 16:00:00;9.4
410005;22-07-2015 17:00:00;11.9
410005;22-07-2015 18:00:00;11.3
410005;22-07-2015 19:00:00;11.6
410005;22-07-2015 20:00:00;11.2
410005;22-07-2015 21:00:00;11.1
410005;22-07-2015 22:00:00;10.9
410005;22-07-2015 23:00:00;10.8
410005;23-07-2015 00:00:00;10.5
410005;23-07-2015 01:00:00;10.5
410005;23-07-2015 02:00:00;10.7
410005;23-07-2015 03:00:00;10.9
410005;23-07-2015 04:00:00;10.9
410005;23-07-2015 05:00:00;10.7
410005;23-07-2015 06:00:00;10.8
410005;23-07-2015 07:00:00;10.9
410005;23-07-2015 08:00:00;10.9
410005;23-07-2015 09:00:00;11.0
410005;23-07-2015 10:00:00;11.1
410005;23-07-2015 11:00:00;10.8
410005;23-07-2015 12:00:00;10.9
410005;23-07-2015 13:00:00;11.2
410005;23-07-2015 14:00:00;11.4
410005;23-07-2015 15:00:00;11.5
410005;23-07-2015 16:00:00;11.8
410005;23-07-2015 17:00:00;12.1
410005;23-07-2015 18:00:00;12.3
410005;23-07-2015 19:00:00;13.0
410005;23-07-2015 20:00:00;12.7
410005;23-07-2015 21:00:00;12.6
410005;23-07-2015 22:00:00;11.9
410005;23-07-2015 23:00:00;12.2
410005;24-07-2015 00:00:00;11.8
410005;24-07-2015 01:00:00;11.7
410005;24-07-2015 02:00:00;11.6
410005;24-07-2015 03:00:00;11.5
410005;24-07-2015 04:00:00;11.2
410005;24-07-2015 05:00:00;11.2
410005;24-07-2015 06:00:00;10.9
410005;24-07-2015 07:00:00;10.7
410005;24-07-2015 08:00:00;10.8
410005;24-07-2015 09:00:00;10.8
410005;24-07-2015 10:00:00;10.8
410005;24-07-2015 11:00:00;10.8
410005;24-07-2015 12:00:00;10.7
410005;24-07-2015 13:00:00;10.6
410005;24-07-2015 14:00:00;10.5
410005;24-07-2015 15:00:00;10.6
410005;24-07-2015 16:00:00;11.1
410005;24-07-2015 17:00:00;11.3
410005;24-07-2015 18:00:00;11.9
410005;24-07-2015 19:00:00;11.6
410005;24-07-2015 20:00:00;10.8
410005;24-07-2015 21:00:00;10.9
410005;24-07-2015 22:00:00;10.4
410005;24-07-2015 23:00:00;10.5
410005;25-07-2015 00:00:00;10.1
410005;25-07-2015 01:00:00;10.3
410005;25-07-2015 02:00:00;10.4
410005;25-07-2015 03:00:00;10.5
410005;25-07-2015 04:00:00;10.6
410005;25-07-2015 05:00:00;10.9
410005;25-07-2015 06:00:00;11.4
410005;25-07-2015 07:00:00;11.6
410005;25-07-2015 08:00:00;11.2
410005;25-07-2015 09:00:00;10.7
410005;25-07-2015 10:00:00;10.8
410005;25-07-2015 11:00:00;11.0
410005;25-07-2015 12:00:00;11.2
410005;25-07-2015 13:00:00;11.4
410005;25-07-2015 14:00:00;11.6
410005;25-07-2015 15:00:00;11.6
410005;25-07-2015 16:00:00;11.6
410005;25-07-2015 17:00:00;11.8
410005;25-07-2015 18:00:00;11.7
410005;25-07-2015 19:00:00;11.4
410005;25-07-2015 20:00:00;11.5
410005;25-07-2015 21:00:00;11.6
410005;25-07-2015 22:00:00;11.5
410005;25-07-2015 23:00:00;11.6
410005;26-07-2015 00:00:00;11.9
410005;26-07-2015 01:00:00;12.1
410005;26-07-2015 02:00:00;12.3
410005;26-07-2015 03:00:00;11.9
410005;26-07-2015 04:00:00;12.0
410005;26-07-2015 05:00:00;12.0
410005;26-07-2015 06:00:00;12.1
410005;26-07-2015 07:00:00;12.1
410005;26-07-2015 08:00:00;11.9
410005;26-07-2015 09:00:00;11.6
410005;26-07-2015 10:00:00;11.7
410005;26-07-2015 11:00:00;11.5
410005;26-07-2015 12:00:00;11.4
410005;26-07-2015 13:00:00;11.2
410005;26-07-2015 14:00:00;11.4
410005;26-07-2015 15:00:00;11.1
410005;26-07-2015 16:00:00;11.2
410005;26-07-2015 17:00:00;12.5
410005;26-07-2015 18:00:00;12.3
410005;26-07-2015 19:00:00;12.6
410005;26-07-2015 20:00:00;12.5
410005;26-07-2015 21:00:00;11.6
410005;26-07-2015 22:00:00;11.3
410005;26-07-2015 23:00:00;11.3
410005;27-07-2015 00:00:00;11.6
410005;27-07-2015 01:00:00;11.4
410005;27-07-2015 02:00:00;11.0
410005;27-07-2015 03:00:00;11.0
410005;27-07-2015 04:00:00;11.2
410005;27-07-2015 05:00:00;11.1
410005;27-07-2015 06:00:00;11.1
410005;27-07-2015 07:00:00;11.2
410005;27-07-2015 08:00:00;10.5
410005;27-07-2015 09:00:00;9.8
410005;27-07-2015 10:00:00;10.0
410005;27-07-2015 11:00:00;9.8
410005;27-07-2015 12:00:00;10.6
410005;27-07-2015 13:00:00;10.8
410005;27-07-2015 14:00:00;10.7
410005;27-07-2015 15:00:00;10.8
410005;27-07-2015 16:00:00;11.6
410005;27-07-2015 17:00:00;11.1
410005;27-07-2015 18:00:00;11.7
410005;27-07-2015 19:00:00;13.3
410005;27-07-2015 20:00:00;12.3
410005;27-07-2015 21:00:00;10.9
410005;27-07-2015 22:00:00;10.4
410005;27-07-2015 23:00:00;10.3
410005;28-07-2015 00:00:00;10.4
410005;28-07-2015 01:00:00;10.2
410005;28-07-2015 02:00:00;10.1
410005;28-07-2015 03:00:00;10.1
410005;28-07-2015 04:00:00;9.7
410005;28-07-2015 05:00:00;9.1
410005;28-07-2015 06:00:00;9.1
410005;28-07-2015 07:00:00;7.8
410005;28-07-2015 08:00:00;7.6
410005;28-07-2015 09:00:00;7.1
410005;28-07-2015 10:00:00;6.5
410005;28-07-2015 11:00:00;6.7
410005;28-07-2015 12:00:00;7.9
410005;28-07-2015 13:00:00;8.4
410005;28-07-2015 14:00:00;9.3
410005;28-07-2015 15:00:00;9.3
410005;28-07-2015 16:00:00;9.3
410005;28-07-2015 17:00:00;10.1
410005;28-07-2015 18:00:00;9.3
410005;28-07-2015 19:00:00;9.9
410005;28-07-2015 20:00:00;11.2
410005;28-07-2015 21:00:00;10.1
410005;28-07-2015 22:00:00;9.6
410005;28-07-2015 23:00:00;9.1
410005;29-07-2015 00:00:00;8.7
410005;29-07-2015 01:00:00;8.4
410005;29-07-2015 02:00:00;7.8
410005;29-07-2015 03:00:00;7.4
410005;29-07-2015 04:00:00;8.1
410005;29-07-2015 05:00:00;7.4
410005;29-07-2015 06:00:00;7.7
410005;29-07-2015 07:00:00;7.4
410005;29-07-2015 08:00:00;7.3
410005;29-07-2015 09:00:00;7.9
410005;29-07-2015 10:00:00;8.9
410005;29-07-2015 11:00:00;9.2
410005;29-07-2015 12:00:00;9.2
410005;29-07-2015 13:00:00;9.4
410005;29-07-2015 14:00:00;10.7
410005;29-07-2015 15:00:00;11.2
410005;29-07-2015 16:00:00;12.0
410005;29-07-2015 17:00:00;13.3
410005;29-07-2015 18:00:00;13.9
410005;29-07-2015 19:00:00;13.3
410005;29-07-2015 20:00:00;12.6
410005;29-07-2015 21:00:00;11.9
410005;29-07-2015 22:00:00;10.5
410005;29-07-2015 23:00:00;10.0
410005;30-07-2015 00:00:00;9.9
410005;30-07-2015 01:00:00;9.6
410005;30-07-2015 02:00:00;9.4
410005;30-07-2015 03:00:00;9.9
410005;30-07-2015 04:00:00;10.3
410005;30-07-2015 05:00:00;10.0
410005;30-07-2015 06:00:00;9.8
410005;30-07-2015 07:00:00;9.8
410005;30-07-2015 08:00:00;9.9
410005;30-07-2015 09:00:00;10.0
410005;30-07-2015 10:00:00;9.5
410005;30-07-2015 11:00:00;9.5
410005;30-07-2015 12:00:00;9.3
410005;30-07-2015 13:00:00;8.8
410005;30-07-2015 14:00:00;9.1
410005;30-07-2015 15:00:00;10.3
410005;30-07-2015 16:00:00;11.1
410005;30-07-2015 17:00:00;10.7
410005;30-07-2015 18:00:00;11.0
410005;30-07-2015 19:00:00;11.5
410005;30-07-2015 20:00:00;11.3
410005;30-07-2015 21:00:00;10.7
410005;30-07-2015 22:00:00;9.4
410005;30-07-2015 23:00:00;7.7
410005;31-07-2015 00:00:00;6.0
410005;31-07-2015 01:00:00;4.3
410005;31-07-2015 02:00:00;4.0
410005;31-07-2015 03:00:00;5.4
410005;31-07-2015 04:00:00;6.1
410005;31-07-2015 05:00:00;5.4
410005;31-07-2015 06:00:00;4.7
410005;31-07-2015 07:00:00;4.2
410005;31-07-2015 08:00:00;7.2
410005;31-07-2015 09:00:00;7.7
410005;31-07-2015 10:00:00;7.6
410005;31-07-2015 11:00:00;8.0
410005;31-07-2015 12:00:00;8.3
410005;31-07-2015 13:00:00;8.5
410005;31-07-2015 14:00:00;9.3
410005;31-07-2015 15:00:00;10.0
410005;31-07-2015 16:00:00;11.2
410005;31-07-2015 17:00:00;11.5
410005;31-07-2015 18:00:00;12.4
410005;31-07-2015 19:00:00;12.5
410005;31-07-2015 20:00:00;11.9
410005;31-07-2015 21:00:00;10.4
410005;31-07-2015 22:00:00;9.6
410005;31-07-2015 23:00:00;9.3
410005;01-08-2015 00:00:00;9.1
410005;01-08-2015 01:00:00;8.5
410005;01-08-2015 02:00:00;8.1
410005;01-08-2015 03:00:00;7.9
410005;01-08-2015 04:00:00;7.4
410005;01-08-2015 05:00:00;7.2
410005;01-08-2015 06:00:00;7.3
410005;01-08-2015 07:00:00;7.4
410005;01-08-2015 08:00:00;7.4
410005;01-08-2015 09:00:00;6.3
410005;01-08-2015 10:00:00;6.2
410005;01-08-2015 11:00:00;5.7
410005;01-08-2015 12:00:00;6.1
410005;01-08-2015 13:00:00;6.9
410005;01-08-2015 14:00:00;6.8
410005;01-08-2015 15:00:00;7.4
410005;01-08-2015 16:00:00;8.0
410005;01-08-2015 17:00:00;8.8
410005;01-08-2015 18:00:00;9.3
410005;01-08-2015 19:00:00;9.7
410005;01-08-2015 20:00:00;10.3
410005;01-08-2015 21:00:00;8.6
410005;01-08-2015 22:00:00;7.9
410005;01-08-2015 23:00:00;7.7
410005;02-08-2015 00:00:00;7.1
410005;02-08-2015 01:00:00;7.7
410005;02-08-2015 02:00:00;7.4
410005;02-08-2015 03:00:00;7.3
410005;02-08-2015 04:00:00;7.5
410005;02-08-2015 05:00:00;7.7
410005;02-08-2015 06:00:00;8.1
410005;02-08-2015 07:00:00;7.2
410005;02-08-2015 08:00:00;7.3
410005;02-08-2015 09:00:00;6.8
410005;02-08-2015 10:00:00;6.8
410005;02-08-2015 11:00:00;6.1
410005;02-08-2015 12:00:00;6.3
410005;02-08-2015 13:00:00;6.2
410005;02-08-2015 14:00:00;7.7
410005;02-08-2015 15:00:00;9.2
410005;02-08-2015 16:00:00;10.5
410005;02-08-2015 17:00:00;8.0
410005;02-08-2015 18:00:00;10.0
410005;02-08-2015 19:00:00;10.8
410005;02-08-2015 20:00:00;11.0
410005;02-08-2015 21:00:00;8.4
410005;02-08-2015 22:00:00;8.2
410005;02-08-2015 23:00:00;7.6
410005;03-08-2015 00:00:00;7.7
410005;03-08-2015 01:00:00;7.0
410005;03-08-2015 02:00:00;7.3
410005;03-08-2015 03:00:00;7.0
410005;03-08-2015 04:00:00;5.7
410005;03-08-2015 05:00:00;5.9
410005;03-08-2015 06:00:00;6.0
410005;03-08-2015 07:00:00;5.9
410005;03-08-2015 08:00:00;5.0
410005;03-08-2015 09:00:00;4.9
410005;03-08-2015 10:00:00;4.7
410005;03-08-2015 11:00:00;4.5
410005;03-08-2015 12:00:00;3.8
410005;03-08-2015 13:00:00;4.5
410005;03-08-2015 14:00:00;6.6
410005;03-08-2015 15:00:00;8.5
410005;03-08-2015 16:00:00;10.0
410005;03-08-2015 17:00:00;10.1
410005;03-08-2015 18:00:00;10.4
410005;03-08-2015 19:00:00;10.3
410005;03-08-2015 20:00:00;10.5
410005;03-08-2015 21:00:00;9.9
410005;03-08-2015 22:00:00;9.1
410005;03-08-2015 23:00:00;8.5
410005;04-08-2015 00:00:00;7.7
410005;04-08-2015 01:00:00;8.4
410005;04-08-2015 02:00:00;8.9
410005;04-08-2015 03:00:00;9.2
410005;04-08-2015 04:00:00;8.9
410005;04-08-2015 05:00:00;8.2
410005;04-08-2015 06:00:00;8.4
410005;04-08-2015 07:00:00;8.5
410005;04-08-2015 08:00:00;8.7
410005;04-08-2015 09:00:00;9.5
410005;04-08-2015 10:00:00;9.5
410005;04-08-2015 11:00:00;8.9
410005;04-08-2015 12:00:00;9.2
410005;04-08-2015 13:00:00;9.3
410005;04-08-2015 14:00:00;9.8
410005;04-08-2015 15:00:00;10.6
410005;04-08-2015 16:00:00;11.3
410005;04-08-2015 17:00:00;11.8
410005;04-08-2015 18:00:00;12.3
410005;04-08-2015 19:00:00;12.0
410005;04-08-2015 20:00:00;12.5
410005;04-08-2015 21:00:00;12.5
410005;04-08-2015 22:00:00;12.5
410005;04-08-2015 23:00:00;10.8
410005;05-08-2015 00:00:00;10.6
410005;05-08-2015 01:00:00;10.4
410005;05-08-2015 02:00:00;10.3
410005;05-08-2015 03:00:00;10.0
410005;05-08-2015 04:00:00;10.6
410005;05-08-2015 05:00:00;11.2
410005;05-08-2015 06:00:00;11.2
410005;05-08-2015 07:00:00;11.2
410005;05-08-2015 08:00:00;11.2
410005;05-08-2015 09:00:00;9.9
410005;05-08-2015 10:00:00;9.6
410005;05-08-2015 11:00:00;9.5
410005;05-08-2015 12:00:00;9.4
410005;05-08-2015 13:00:00;9.6
410005;05-08-2015 14:00:00;9.8
410005;05-08-2015 15:00:00;9.5
410005;05-08-2015 16:00:00;9.5
410005;05-08-2015 17:00:00;9.3
410005;05-08-2015 18:00:00;9.2
410005;05-08-2015 19:00:00;9.3
410005;05-08-2015 20:00:00;9.2
410005;05-08-2015 21:00:00;9.2
410005;05-08-2015 22:00:00;9.2
410005;05-08-2015 23:00:00;8.8
410005;06-08-2015 00:00:00;8.6
410005;06-08-2015 01:00:00;8.4
410005;06-08-2015 02:00:00;8.3
410005;06-08-2015 03:00:00;8.2
410005;06-08-2015 04:00:00;7.9
410005;06-08-2015 05:00:00;7.5
410005;06-08-2015 06:00:00;6.9
410005;06-08-2015 07:00:00;6.5
410005;06-08-2015 08:00:00;6.4
410005;06-08-2015 09:00:00;6.4
410005;06-08-2015 10:00:00;5.9
410005;06-08-2015 11:00:00;5.5
410005;06-08-2015 12:00:00;5.9
410005;06-08-2015 13:00:00;6.0
410005;06-08-2015 14:00:00;7.2
410005;06-08-2015 15:00:00;8.5
410005;06-08-2015 16:00:00;9.4
410005;06-08-2015 17:00:00;9.6
410005;06-08-2015 18:00:00;11.0
410005;06-08-2015 19:00:00;10.4
410005;06-08-2015 20:00:00;9.8
410005;06-08-2015 21:00:00;9.7
410005;06-08-2015 22:00:00;8.5
410005;06-08-2015 23:00:00;7.0
410005;07-08-2015 00:00:00;6.1
410005;07-08-2015 01:00:00;6.1
410005;07-08-2015 02:00:00;4.5
410005;07-08-2015 03:00:00;3.9
410005;07-08-2015 04:00:00;5.3
410005;07-08-2015 05:00:00;5.3
410005;07-08-2015 06:00:00;4.6
410005;07-08-2015 07:00:00;4.6
410005;07-08-2015 08:00:00;4.1
410005;07-08-2015 09:00:00;4.1
410005;07-08-2015 10:00:00;3.8
410005;07-08-2015 11:00:00;3.8
410005;07-08-2015 12:00:00;3.5
410005;07-08-2015 13:00:00;4.1
410005;07-08-2015 14:00:00;5.6
410005;07-08-2015 15:00:00;6.7
410005;07-08-2015 16:00:00;7.1
410005;07-08-2015 17:00:00;7.8
410005;07-08-2015 18:00:00;8.5
410005;07-08-2015 19:00:00;8.4
410005;07-08-2015 20:00:00;8.2
410005;07-08-2015 21:00:00;7.6
410005;07-08-2015 22:00:00;5.8
410005;07-08-2015 23:00:00;4.3
410005;08-08-2015 00:00:00;3.6
410005;08-08-2015 01:00:00;4.1
410005;08-08-2015 02:00:00;3.7
410005;08-08-2015 03:00:00;4.0
410005;08-08-2015 04:00:00;5.1
410005;08-08-2015 05:00:00;5.1
410005;08-08-2015 06:00:00;5.0
410005;08-08-2015 07:00:00;5.3
410005;08-08-2015 08:00:00;5.4
410005;08-08-2015 09:00:00;5.2
410005;08-08-2015 10:00:00;5.5
410005;08-08-2015 11:00:00;5.8
410005;08-08-2015 12:00:00;5.7
410005;08-08-2015 13:00:00;6.2
410005;08-08-2015 14:00:00;7.1
410005;08-08-2015 15:00:00;7.2
410005;08-08-2015 16:00:00;8.1
410005;08-08-2015 17:00:00;8.1
410005;08-08-2015 18:00:00;8.1
410005;08-08-2015 19:00:00;7.9
410005;08-08-2015 20:00:00;8.5
410005;08-08-2015 21:00:00;7.5
410005;08-08-2015 22:00:00;7.4
410005;08-08-2015 23:00:00;6.8
410005;09-08-2015 00:00:00;6.6
410005;09-08-2015 01:00:00;6.6
410005;09-08-2015 02:00:00;6.3
410005;09-08-2015 03:00:00;6.3
410005;09-08-2015 04:00:00;6.2
410005;09-08-2015 05:00:00;6.2
410005;09-08-2015 06:00:00;6.1
410005;09-08-2015 07:00:00;5.9
410005;09-08-2015 08:00:00;5.9
410005;09-08-2015 09:00:00;6.1
410005;09-08-2015 10:00:00;5.7
410005;09-08-2015 11:00:00;5.1
410005;09-08-2015 12:00:00;4.2
410005;09-08-2015 13:00:00;4.2
410005;09-08-2015 14:00:00;6.3
410005;09-08-2015 15:00:00;6.3
410005;09-08-2015 16:00:00;8.0
410005;09-08-2015 17:00:00;8.9
410005;09-08-2015 18:00:00;9.1
410005;09-08-2015 19:00:00;8.3
410005;09-08-2015 20:00:00;6.2
410005;09-08-2015 21:00:00;6.2
410005;09-08-2015 22:00:00;5.8
410005;09-08-2015 23:00:00;5.7
410005;10-08-2015 00:00:00;5.7
410005;10-08-2015 01:00:00;5.4
410005;10-08-2015 02:00:00;5.3
410005;10-08-2015 03:00:00;4.7
410005;10-08-2015 04:00:00;2.9
410005;10-08-2015 05:00:00;1.9
410005;10-08-2015 06:00:00;1.2
410005;10-08-2015 07:00:00;1.3
410005;10-08-2015 08:00:00;1.4
410005;10-08-2015 09:00:00;0.9
410005;10-08-2015 10:00:00;0.9
410005;10-08-2015 11:00:00;0.3
410005;10-08-2015 12:00:00;0.2
410005;10-08-2015 13:00:00;1.6
410005;10-08-2015 14:00:00;3.0
410005;10-08-2015 15:00:00;4.5
410005;10-08-2015 16:00:00;6.5
410005;10-08-2015 17:00:00;6.5
410005;10-08-2015 18:00:00;6.6
410005;10-08-2015 19:00:00;6.5
410005;10-08-2015 20:00:00;6.2
410005;10-08-2015 21:00:00;5.8
410005;10-08-2015 22:00:00;5.8
410005;10-08-2015 23:00:00;4.9
410005;11-08-2015 00:00:00;3.0
410005;11-08-2015 01:00:00;1.4
410005;11-08-2015 02:00:00;0.7
410005;11-08-2015 03:00:00;0.3
410005;11-08-2015 04:00:00;-0.3
410005;11-08-2015 05:00:00;-0.2
410005;11-08-2015 06:00:00;0.1
410005;11-08-2015 07:00:00;0.4
410005;11-08-2015 08:00:00;0.5
410005;11-08-2015 09:00:00;0.7
410005;11-08-2015 10:00:00;0.9
410005;11-08-2015 11:00:00;1.0
410005;11-08-2015 12:00:00;1.3
410005;11-08-2015 13:00:00;2.6
410005;11-08-2015 14:00:00;4.3
410005;11-08-2015 15:00:00;4.9
410005;11-08-2015 16:00:00;6.0
410005;11-08-2015 17:00:00;6.6
410005;11-08-2015 18:00:00;7.4
410005;11-08-2015 19:00:00;7.1
410005;11-08-2015 20:00:00;6.8
410005;11-08-2015 21:00:00;6.8
410005;11-08-2015 22:00:00;6.9
410005;11-08-2015 23:00:00;6.7
410005;12-08-2015 00:00:00;6.4
410005;12-08-2015 01:00:00;6.4
410005;12-08-2015 02:00:00;6.4
410005;12-08-2015 03:00:00;5.9
410005;12-08-2015 04:00:00;4.9
410005;12-08-2015 05:00:00;4.0
410005;12-08-2015 06:00:00;4.9
410005;12-08-2015 07:00:00;4.6
410005;12-08-2015 08:00:00;4.0
410005;12-08-2015 09:00:00;2.9
410005;12-08-2015 10:00:00;1.9
410005;12-08-2015 11:00:00;1.2
410005;12-08-2015 12:00:00;0.3
410005;12-08-2015 13:00:00;4.7
410005;12-08-2015 14:00:00;7.2
410005;12-08-2015 15:00:00;8.5
410005;12-08-2015 16:00:00;9.3
410005;12-08-2015 17:00:00;10.2
410005;12-08-2015 18:00:00;10.4
410005;12-08-2015 19:00:00;11.1
410005;12-08-2015 20:00:00;11.6
410005;12-08-2015 21:00:00;10.8
410005;12-08-2015 22:00:00;9.2
410005;12-08-2015 23:00:00;7.3
410005;13-08-2015 00:00:00;5.3
410005;13-08-2015 01:00:00;4.1
410005;13-08-2015 02:00:00;2.5
410005;13-08-2015 03:00:00;1.8
410005;13-08-2015 04:00:00;0.8
410005;13-08-2015 05:00:00;0.8
410005;13-08-2015 06:00:00;0.9
410005;13-08-2015 07:00:00;-0.3
410005;13-08-2015 08:00:00;-0.3
410005;13-08-2015 09:00:00;-0.6
410005;13-08-2015 10:00:00;-0.9
410005;13-08-2015 11:00:00;0.8
410005;13-08-2015 12:00:00;-1.1
410005;13-08-2015 13:00:00;0.1
410005;13-08-2015 14:00:00;3.9
410005;13-08-2015 15:00:00;7.3
410005;13-08-2015 16:00:00;11.2
410005;13-08-2015 17:00:00;13.0
410005;13-08-2015 18:00:00;14.0
410005;13-08-2015 19:00:00;12.8
410005;13-08-2015 20:00:00;13.3
410005;13-08-2015 21:00:00;13.0
410005;13-08-2015 22:00:00;10.3
410005;13-08-2015 23:00:00;8.4
410005;14-08-2015 00:00:00;5.5
410005;14-08-2015 01:00:00;3.7
410005;14-08-2015 02:00:00;2.8
410005;14-08-2015 03:00:00;1.3
410005;14-08-2015 04:00:00;0.6
410005;14-08-2015 05:00:00;0.4
410005;14-08-2015 06:00:00;0.2
410005;14-08-2015 07:00:00;-0.2
410005;14-08-2015 08:00:00;-0.4
410005;14-08-2015 09:00:00;-0.4
410005;14-08-2015 10:00:00;0.0
410005;14-08-2015 11:00:00;0.7
410005;14-08-2015 12:00:00;0.5
410005;14-08-2015 13:00:00;2.2
410005;14-08-2015 14:00:00;3.4
410005;14-08-2015 15:00:00;4.6
410005;14-08-2015 16:00:00;5.7
410005;14-08-2015 17:00:00;7.5
410005;14-08-2015 18:00:00;8.6
410005;14-08-2015 19:00:00;9.0
410005;14-08-2015 20:00:00;9.1
410005;14-08-2015 21:00:00;8.9
410005;14-08-2015 22:00:00;8.4
410005;14-08-2015 23:00:00;8.1
410005;15-08-2015 00:00:00;8.2
410005;15-08-2015 01:00:00;8.0
410005;15-08-2015 02:00:00;8.0
410005;15-08-2015 03:00:00;8.2
410005;15-08-2015 04:00:00;7.9
410005;15-08-2015 05:00:00;7.1
410005;15-08-2015 06:00:00;6.3
410005;15-08-2015 07:00:00;5.5
410005;15-08-2015 08:00:00;5.5
410005;15-08-2015 09:00:00;4.4
410005;15-08-2015 10:00:00;4.3
410005;15-08-2015 11:00:00;4.4
410005;15-08-2015 12:00:00;3.9
410005;15-08-2015 13:00:00;4.0
410005;15-08-2015 14:00:00;6.6
410005;15-08-2015 15:00:00;8.0
410005;15-08-2015 16:00:00;8.0
410005;15-08-2015 17:00:00;8.7
410005;15-08-2015 18:00:00;9.0
410005;15-08-2015 19:00:00;8.7
410005;15-08-2015 20:00:00;7.8
410005;15-08-2015 21:00:00;8.3
410005;15-08-2015 22:00:00;6.6
410005;15-08-2015 23:00:00;4.5
410005;16-08-2015 00:00:00;2.8
410005;16-08-2015 01:00:00;2.4
410005;16-08-2015 02:00:00;3.2
410005;16-08-2015 03:00:00;2.9
410005;16-08-2015 04:00:00;1.7
410005;16-08-2015 05:00:00;3.5
410005;16-08-2015 06:00:00;4.4
410005;16-08-2015 07:00:00;4.4
410005;16-08-2015 08:00:00;4.4
410005;16-08-2015 09:00:00;4.2
410005;16-08-2015 10:00:00;4.2
410005;16-08-2015 11:00:00;4.3
410005;16-08-2015 12:00:00;4.4
410005;16-08-2015 13:00:00;4.2
410005;16-08-2015 14:00:00;5.1
410005;16-08-2015 15:00:00;6.3
410005;16-08-2015 16:00:00;7.4
410005;16-08-2015 17:00:00;8.1
410005;16-08-2015 18:00:00;8.1
410005;16-08-2015 19:00:00;8.5
410005;16-08-2015 20:00:00;9.5
410005;16-08-2015 21:00:00;9.2
410005;16-08-2015 22:00:00;8.7
410005;16-08-2015 23:00:00;8.3
410005;17-08-2015 00:00:00;7.9
410005;17-08-2015 01:00:00;7.7
410005;17-08-2015 02:00:00;7.6
410005;17-08-2015 03:00:00;8.0
410005;17-08-2015 04:00:00;7.8
410005;17-08-2015 05:00:00;7.9
410005;17-08-2015 06:00:00;7.8
410005;17-08-2015 07:00:00;7.5
410005;17-08-2015 08:00:00;7.4
410005;17-08-2015 09:00:00;7.5
410005;17-08-2015 10:00:00;7.1
410005;17-08-2015 11:00:00;7.3
410005;17-08-2015 12:00:00;7.3
410005;17-08-2015 13:00:00;7.5
410005;17-08-2015 14:00:00;7.8
410005;17-08-2015 15:00:00;8.2
410005;17-08-2015 16:00:00;8.8
410005;17-08-2015 17:00:00;9.1
410005;17-08-2015 18:00:00;9.6
410005;17-08-2015 19:00:00;10.0
410005;17-08-2015 20:00:00;10.2
410005;17-08-2015 21:00:00;10.4
410005;17-08-2015 22:00:00;10.6
410005;17-08-2015 23:00:00;10.6
410005;18-08-2015 00:00:00;10.2
410005;18-08-2015 01:00:00;9.3
410005;18-08-2015 02:00:00;8.9
410005;18-08-2015 03:00:00;8.4
410005;18-08-2015 04:00:00;8.0
410005;18-08-2015 05:00:00;8.2
410005;18-08-2015 06:00:00;5.7
410005;18-08-2015 07:00:00;5.7
410005;18-08-2015 08:00:00;5.5
410005;18-08-2015 09:00:00;5.1
410005;18-08-2015 10:00:00;4.9
410005;18-08-2015 11:00:00;3.6
410005;18-08-2015 12:00:00;3.5
410005;18-08-2015 13:00:00;4.6
410005;18-08-2015 14:00:00;7.1
410005;18-08-2015 15:00:00;8.0
410005;18-08-2015 16:00:00;8.1
410005;18-08-2015 17:00:00;8.5
410005;18-08-2015 18:00:00;8.8
410005;18-08-2015 19:00:00;8.2
410005;18-08-2015 20:00:00;8.1
410005;18-08-2015 21:00:00;7.6
410005;18-08-2015 22:00:00;6.8
410005;18-08-2015 23:00:00;5.5
410005;19-08-2015 00:00:00;5.1
410005;19-08-2015 01:00:00;5.1
410005;19-08-2015 02:00:00;4.1
410005;19-08-2015 03:00:00;4.1
410005;19-08-2015 04:00:00;3.9
410005;19-08-2015 05:00:00;3.8
410005;19-08-2015 06:00:00;3.9
410005;19-08-2015 07:00:00;4.0
410005;19-08-2015 08:00:00;4.1
410005;19-08-2015 09:00:00;3.2
410005;19-08-2015 10:00:00;3.4
410005;19-08-2015 11:00:00;3.0
410005;19-08-2015 12:00:00;2.0
410005;19-08-2015 13:00:00;5.3
410005;19-08-2015 14:00:00;8.6
410005;19-08-2015 15:00:00;9.8
410005;19-08-2015 16:00:00;11.4
410005;19-08-2015 17:00:00;12.0
410005;19-08-2015 18:00:00;13.2
410005;19-08-2015 19:00:00;13.8
410005;19-08-2015 20:00:00;13.1
410005;19-08-2015 21:00:00;12.4
410005;19-08-2015 22:00:00;9.6
410005;19-08-2015 23:00:00;8.1
410005;20-08-2015 00:00:00;7.3
410005;20-08-2015 01:00:00;6.5
410005;20-08-2015 02:00:00;5.7
410005;20-08-2015 03:00:00;4.6
410005;20-08-2015 04:00:00;3.8
410005;20-08-2015 05:00:00;3.2
410005;20-08-2015 06:00:00;3.4
410005;20-08-2015 07:00:00;2.9
410005;20-08-2015 08:00:00;2.6
410005;20-08-2015 09:00:00;3.6
410005;20-08-2015 10:00:00;2.5
410005;20-08-2015 11:00:00;2.9
410005;20-08-2015 12:00:00;2.9
410005;20-08-2015 13:00:00;4.3
410005;20-08-2015 14:00:00;5.5
410005;20-08-2015 15:00:00;7.2
410005;20-08-2015 16:00:00;8.2
410005;20-08-2015 17:00:00;10.1
410005;20-08-2015 18:00:00;12.4
410005;20-08-2015 19:00:00;13.0
410005;20-08-2015 20:00:00;13.3
410005;20-08-2015 21:00:00;12.8
410005;20-08-2015 22:00:00;10.6
410005;20-08-2015 23:00:00;9.9
410005;21-08-2015 00:00:00;8.0
410005;21-08-2015 01:00:00;7.3
410005;21-08-2015 02:00:00;8.0
410005;21-08-2015 03:00:00;8.1
410005;21-08-2015 04:00:00;7.3
410005;21-08-2015 05:00:00;7.1
410005;21-08-2015 06:00:00;7.6
410005;21-08-2015 07:00:00;7.6
410005;21-08-2015 08:00:00;8.3
410005;21-08-2015 09:00:00;8.2
410005;21-08-2015 10:00:00;8.8
410005;21-08-2015 11:00:00;9.0
410005;21-08-2015 12:00:00;9.4
410005;21-08-2015 13:00:00;9.8
410005;21-08-2015 14:00:00;10.4
410005;21-08-2015 15:00:00;11.1
410005;21-08-2015 16:00:00;11.5
410005;21-08-2015 17:00:00;12.2
410005;21-08-2015 18:00:00;12.5
410005;21-08-2015 19:00:00;12.3
410005;21-08-2015 20:00:00;10.6
410005;21-08-2015 21:00:00;10.1
410005;21-08-2015 22:00:00;9.4
410005;21-08-2015 23:00:00;8.7
410005;22-08-2015 00:00:00;8.5
410005;22-08-2015 01:00:00;8.3
410005;22-08-2015 02:00:00;7.6
410005;22-08-2015 03:00:00;7.5
410005;22-08-2015 04:00:00;7.8
410005;22-08-2015 05:00:00;8.2
410005;22-08-2015 06:00:00;8.3
410005;22-08-2015 07:00:00;8.3
410005;22-08-2015 08:00:00;8.1
410005;22-08-2015 09:00:00;8.1
410005;22-08-2015 10:00:00;7.8
410005;22-08-2015 11:00:00;8.0
410005;22-08-2015 12:00:00;8.0
410005;22-08-2015 13:00:00;7.9
410005;22-08-2015 14:00:00;7.8
410005;22-08-2015 15:00:00;8.8
410005;22-08-2015 16:00:00;10.0
410005;22-08-2015 17:00:00;9.9
410005;22-08-2015 18:00:00;10.5
410005;22-08-2015 19:00:00;10.7
410005;22-08-2015 20:00:00;9.8
410005;22-08-2015 21:00:00;10.2
410005;22-08-2015 22:00:00;10.0
410005;22-08-2015 23:00:00;9.5
410005;23-08-2015 00:00:00;8.6
410005;23-08-2015 01:00:00;8.3
410005;23-08-2015 02:00:00;8.7
410005;23-08-2015 03:00:00;8.9
410005;23-08-2015 04:00:00;7.9
410005;23-08-2015 05:00:00;7.6
410005;23-08-2015 06:00:00;7.7
410005;23-08-2015 07:00:00;8.4
410005;23-08-2015 08:00:00;8.5
410005;23-08-2015 09:00:00;9.2
410005;23-08-2015 10:00:00;9.4
410005;23-08-2015 11:00:00;9.5
410005;23-08-2015 12:00:00;8.7
410005;23-08-2015 13:00:00;8.9
410005;23-08-2015 14:00:00;9.2
410005;23-08-2015 15:00:00;8.9
410005;23-08-2015 16:00:00;8.9
410005;23-08-2015 17:00:00;9.1
410005;23-08-2015 18:00:00;9.1
410005;23-08-2015 19:00:00;8.8
410005;23-08-2015 20:00:00;9.1
410005;23-08-2015 21:00:00;9.4
410005;23-08-2015 22:00:00;10.3
410005;23-08-2015 23:00:00;10.4
410005;24-08-2015 00:00:00;10.5
410005;24-08-2015 01:00:00;10.1
410005;24-08-2015 02:00:00;9.9
410005;24-08-2015 03:00:00;9.7
410005;24-08-2015 04:00:00;9.6
410005;24-08-2015 05:00:00;9.5
410005;24-08-2015 06:00:00;9.6
410005;24-08-2015 07:00:00;9.8
410005;24-08-2015 08:00:00;9.7
410005;24-08-2015 09:00:00;9.8
410005;24-08-2015 10:00:00;9.7
410005;24-08-2015 11:00:00;9.5
410005;24-08-2015 12:00:00;9.6
410005;24-08-2015 13:00:00;9.9
410005;24-08-2015 14:00:00;10.1
410005;24-08-2015 15:00:00;10.3
410005;24-08-2015 16:00:00;10.6
410005;24-08-2015 17:00:00;10.9
410005;24-08-2015 18:00:00;11.2
410005;24-08-2015 19:00:00;11.0
410005;24-08-2015 20:00:00;11.2
410005;24-08-2015 21:00:00;11.2
410005;24-08-2015 22:00:00;11.0
410005;24-08-2015 23:00:00;10.8
410005;25-08-2015 00:00:00;10.9
410005;25-08-2015 01:00:00;11.0
410005;25-08-2015 02:00:00;10.9
410005;25-08-2015 03:00:00;10.8
410005;25-08-2015 04:00:00;10.8
410005;25-08-2015 05:00:00;10.8
410005;25-08-2015 06:00:00;10.8
410005;25-08-2015 07:00:00;10.8
410005;25-08-2015 08:00:00;10.7
410005;25-08-2015 09:00:00;10.7
410005;25-08-2015 10:00:00;11.0
410005;25-08-2015 11:00:00;10.8
410005;25-08-2015 12:00:00;10.8
410005;25-08-2015 13:00:00;10.9
410005;25-08-2015 14:00:00;10.8
410005;25-08-2015 15:00:00;10.8
410005;25-08-2015 16:00:00;11.1
410005;25-08-2015 17:00:00;11.3
410005;25-08-2015 18:00:00;13.1
410005;25-08-2015 19:00:00;12.5
410005;25-08-2015 20:00:00;12.0
410005;25-08-2015 21:00:00;11.9
410005;25-08-2015 22:00:00;11.3
410005;25-08-2015 23:00:00;10.8
410005;26-08-2015 00:00:00;11.0
410005;26-08-2015 01:00:00;10.6
410005;26-08-2015 02:00:00;10.3
410005;26-08-2015 03:00:00;9.4
410005;26-08-2015 04:00:00;8.9
410005;26-08-2015 05:00:00;8.6
410005;26-08-2015 06:00:00;8.6
410005;26-08-2015 07:00:00;8.6
410005;26-08-2015 08:00:00;8.6
410005;26-08-2015 09:00:00;8.2
410005;26-08-2015 10:00:00;8.2
410005;26-08-2015 11:00:00;8.5
410005;26-08-2015 12:00:00;8.5
410005;26-08-2015 13:00:00;9.1
410005;26-08-2015 14:00:00;10.2
410005;26-08-2015 15:00:00;10.2
410005;26-08-2015 16:00:00;10.8
410005;26-08-2015 17:00:00;12.1
410005;26-08-2015 18:00:00;13.1
410005;26-08-2015 19:00:00;13.3
410005;26-08-2015 20:00:00;12.7
410005;26-08-2015 21:00:00;12.4
410005;26-08-2015 22:00:00;12.0
410005;26-08-2015 23:00:00;10.1
410005;27-08-2015 00:00:00;9.0
410005;27-08-2015 01:00:00;9.2
410005;27-08-2015 02:00:00;9.3
410005;27-08-2015 03:00:00;10.2
410005;27-08-2015 04:00:00;10.1
410005;27-08-2015 05:00:00;10.3
410005;27-08-2015 06:00:00;10.3
410005;27-08-2015 07:00:00;10.3
410005;27-08-2015 08:00:00;10.5
410005;27-08-2015 09:00:00;10.5
410005;27-08-2015 10:00:00;10.8
410005;27-08-2015 11:00:00;10.6
410005;27-08-2015 12:00:00;10.7
410005;27-08-2015 13:00:00;11.1
410005;27-08-2015 14:00:00;11.3
410005;27-08-2015 15:00:00;11.9
410005;27-08-2015 16:00:00;11.8
410005;27-08-2015 17:00:00;11.4
410005;27-08-2015 18:00:00;10.8
410005;27-08-2015 19:00:00;10.4
410005;27-08-2015 20:00:00;10.4
410005;27-08-2015 21:00:00;10.3
410005;27-08-2015 22:00:00;9.9
410005;27-08-2015 23:00:00;9.7
410005;28-08-2015 00:00:00;9.9
410005;28-08-2015 01:00:00;10.1
410005;28-08-2015 02:00:00;10.8
410005;28-08-2015 03:00:00;10.8
410005;28-08-2015 04:00:00;10.9
410005;28-08-2015 05:00:00;11.0
410005;28-08-2015 06:00:00;11.1
410005;28-08-2015 07:00:00;11.0
410005;28-08-2015 08:00:00;10.8
410005;28-08-2015 09:00:00;10.7
410005;28-08-2015 10:00:00;11.0
410005;28-08-2015 11:00:00;11.2
410005;28-08-2015 12:00:00;11.1
410005;28-08-2015 13:00:00;11.2
410005;28-08-2015 14:00:00;11.9
410005;28-08-2015 15:00:00;12.4
410005;28-08-2015 16:00:00;14.3
410005;28-08-2015 17:00:00;13.9
410005;28-08-2015 18:00:00;14.2
410005;28-08-2015 19:00:00;14.3
410005;28-08-2015 20:00:00;14.4
410005;28-08-2015 21:00:00;13.5
410005;28-08-2015 22:00:00;12.6
410005;28-08-2015 23:00:00;11.7
410005;29-08-2015 00:00:00;10.7
410005;29-08-2015 01:00:00;10.3
410005;29-08-2015 02:00:00;10.0
410005;29-08-2015 03:00:00;9.9
410005;29-08-2015 04:00:00;9.9
410005;29-08-2015 05:00:00;9.0
410005;29-08-2015 06:00:00;8.0
410005;29-08-2015 07:00:00;8.5
410005;29-08-2015 08:00:00;7.8
410005;29-08-2015 09:00:00;7.3
410005;29-08-2015 10:00:00;8.2
410005;29-08-2015 11:00:00;8.0
410005;29-08-2015 12:00:00;7.9
410005;29-08-2015 13:00:00;8.6
410005;29-08-2015 14:00:00;10.6
410005;29-08-2015 15:00:00;11.4
410005;29-08-2015 16:00:00;12.2
410005;29-08-2015 17:00:00;11.7
410005;29-08-2015 18:00:00;13.3
410005;29-08-2015 19:00:00;12.1
410005;29-08-2015 20:00:00;12.8
410005;29-08-2015 21:00:00;12.2
410005;29-08-2015 22:00:00;10.7
410005;29-08-2015 23:00:00;8.9
410005;30-08-2015 00:00:00;7.3
410005;30-08-2015 01:00:00;7.0
410005;30-08-2015 02:00:00;7.0
410005;30-08-2015 03:00:00;7.3
410005;30-08-2015 04:00:00;8.5
410005;30-08-2015 05:00:00;7.5
410005;30-08-2015 06:00:00;7.4
410005;30-08-2015 07:00:00;7.3
410005;30-08-2015 08:00:00;7.2
410005;30-08-2015 09:00:00;7.0
410005;30-08-2015 10:00:00;6.8
410005;30-08-2015 11:00:00;6.8
410005;30-08-2015 12:00:00;7.1
410005;30-08-2015 13:00:00;7.3
410005;30-08-2015 14:00:00;7.5
410005;30-08-2015 15:00:00;6.8
410005;30-08-2015 16:00:00;6.6
410005;30-08-2015 17:00:00;7.0
410005;30-08-2015 18:00:00;7.8
410005;30-08-2015 19:00:00;8.4
410005;30-08-2015 20:00:00;8.7
410005;30-08-2015 21:00:00;8.7
410005;30-08-2015 22:00:00;7.7
410005;30-08-2015 23:00:00;6.5
410005;31-08-2015 00:00:00;5.4
410005;31-08-2015 01:00:00;4.3
410005;31-08-2015 02:00:00;4.8
410005;31-08-2015 03:00:00;4.8
410005;31-08-2015 04:00:00;4.3
410005;31-08-2015 05:00:00;4.4
410005;31-08-2015 06:00:00;4.3
410005;31-08-2015 07:00:00;2.4
410005;31-08-2015 08:00:00;1.3
410005;31-08-2015 09:00:00;1.4
410005;31-08-2015 10:00:00;3.1
410005;31-08-2015 11:00:00;2.6
410005;31-08-2015 12:00:00;1.2
410005;31-08-2015 13:00:00;3.1
410005;31-08-2015 14:00:00;8.2
410005;31-08-2015 15:00:00;9.1
410005;31-08-2015 16:00:00;9.7
410005;31-08-2015 17:00:00;10.1
410005;31-08-2015 18:00:00;10.6
410005;31-08-2015 19:00:00;11.0
410005;31-08-2015 20:00:00;11.0
410005;31-08-2015 21:00:00;10.2
410005;31-08-2015 22:00:00;8.9
410005;31-08-2015 23:00:00;7.0
410005;01-09-2015 00:00:00;6.9
410005;01-09-2015 01:00:00;7.0
410005;01-09-2015 02:00:00;7.3
410005;01-09-2015 03:00:00;7.5
410005;01-09-2015 04:00:00;7.4
410005;01-09-2015 05:00:00;7.3
410005;01-09-2015 06:00:00;7.5
410005;01-09-2015 07:00:00;7.5
410005;01-09-2015 08:00:00;7.0
410005;01-09-2015 09:00:00;6.4
410005;01-09-2015 10:00:00;2.8
410005;01-09-2015 11:00:00;2.8
410005;01-09-2015 12:00:00;3.5
410005;01-09-2015 13:00:00;7.1
410005;01-09-2015 14:00:00;10.3
410005;01-09-2015 15:00:00;11.6
410005;01-09-2015 16:00:00;12.6
410005;01-09-2015 17:00:00;13.4
410005;01-09-2015 18:00:00;13.5
410005;01-09-2015 19:00:00;13.5
410005;01-09-2015 20:00:00;13.4
410005;01-09-2015 21:00:00;12.3
410005;01-09-2015 22:00:00;10.3
410005;01-09-2015 23:00:00;8.9
410005;02-09-2015 00:00:00;7.4
410005;02-09-2015 01:00:00;6.7
410005;02-09-2015 02:00:00;4.1
410005;02-09-2015 03:00:00;3.0
410005;02-09-2015 04:00:00;4.3
410005;02-09-2015 05:00:00;3.0
410005;02-09-2015 06:00:00;4.3
410005;02-09-2015 07:00:00;3.2
410005;02-09-2015 08:00:00;4.1
410005;02-09-2015 09:00:00;3.5
410005;02-09-2015 10:00:00;4.2
410005;02-09-2015 11:00:00;6.0
410005;02-09-2015 12:00:00;6.3
410005;02-09-2015 13:00:00;5.1
410005;02-09-2015 14:00:00;6.5
410005;02-09-2015 15:00:00;9.7
410005;02-09-2015 16:00:00;10.3
410005;02-09-2015 17:00:00;11.1
410005;02-09-2015 18:00:00;10.9
410005;02-09-2015 19:00:00;10.7
410005;02-09-2015 20:00:00;11.1
410005;02-09-2015 21:00:00;10.7
410005;02-09-2015 22:00:00;9.2
410005;02-09-2015 23:00:00;6.4
410005;03-09-2015 00:00:00;5.4
410005;03-09-2015 01:00:00;4.1
410005;03-09-2015 02:00:00;3.4
410005;03-09-2015 03:00:00;4.1
410005;03-09-2015 04:00:00;4.2
410005;03-09-2015 05:00:00;4.5
410005;03-09-2015 06:00:00;4.8
410005;03-09-2015 07:00:00;4.4
410005;03-09-2015 08:00:00;4.2
410005;03-09-2015 09:00:00;3.8
410005;03-09-2015 10:00:00;2.2
410005;03-09-2015 11:00:00;2.1
410005;03-09-2015 12:00:00;2.3
410005;03-09-2015 13:00:00;4.4
410005;03-09-2015 14:00:00;5.6
410005;03-09-2015 15:00:00;7.7
410005;03-09-2015 16:00:00;9.2
410005;03-09-2015 17:00:00;9.5
410005;03-09-2015 18:00:00;10.1
410005;03-09-2015 19:00:00;9.9
410005;03-09-2015 20:00:00;9.9
410005;03-09-2015 21:00:00;8.6
410005;03-09-2015 22:00:00;8.2
410005;03-09-2015 23:00:00;6.2
410005;04-09-2015 00:00:00;5.1
410005;04-09-2015 01:00:00;4.9
410005;04-09-2015 02:00:00;5.9
410005;04-09-2015 03:00:00;5.7
410005;04-09-2015 04:00:00;5.0
410005;04-09-2015 05:00:00;6.9
410005;04-09-2015 06:00:00;7.3
410005;04-09-2015 07:00:00;7.6
410005;04-09-2015 08:00:00;7.7
410005;04-09-2015 09:00:00;7.6
410005;04-09-2015 10:00:00;8.0
410005;04-09-2015 11:00:00;8.2
410005;04-09-2015 12:00:00;8.2
410005;04-09-2015 13:00:00;8.9
410005;04-09-2015 14:00:00;9.3
410005;04-09-2015 15:00:00;10.6
410005;04-09-2015 16:00:00;11.7
410005;04-09-2015 17:00:00;11.5
410005;04-09-2015 18:00:00;11.4
410005;04-09-2015 19:00:00;12.0
410005;04-09-2015 20:00:00;12.2
410005;04-09-2015 21:00:00;11.4
410005;04-09-2015 22:00:00;10.4
410005;04-09-2015 23:00:00;8.4
410005;05-09-2015 00:00:00;7.7
410005;05-09-2015 01:00:00;7.4
410005;05-09-2015 02:00:00;8.9
410005;05-09-2015 03:00:00;8.8
410005;05-09-2015 04:00:00;8.3
410005;05-09-2015 05:00:00;7.8
410005;05-09-2015 06:00:00;8.0
410005;05-09-2015 07:00:00;8.0
410005;05-09-2015 08:00:00;7.8
410005;05-09-2015 09:00:00;7.8
410005;05-09-2015 10:00:00;8.0
410005;05-09-2015 11:00:00;7.7
410005;05-09-2015 12:00:00;7.4
410005;05-09-2015 13:00:00;7.0
410005;05-09-2015 14:00:00;8.3
410005;05-09-2015 15:00:00;10.4
410005;05-09-2015 16:00:00;12.3
410005;05-09-2015 17:00:00;13.5
410005;05-09-2015 18:00:00;11.6
410005;05-09-2015 19:00:00;10.9
410005;05-09-2015 20:00:00;12.2
410005;05-09-2015 21:00:00;10.4
410005;05-09-2015 22:00:00;10.3
410005;05-09-2015 23:00:00;9.5
410005;06-09-2015 00:00:00;8.9
410005;06-09-2015 01:00:00;9.2
410005;06-09-2015 02:00:00;9.1
410005;06-09-2015 03:00:00;9.2
410005;06-09-2015 04:00:00;9.1
410005;06-09-2015 05:00:00;9.1
410005;06-09-2015 06:00:00;9.1
410005;06-09-2015 07:00:00;8.7
410005;06-09-2015 08:00:00;8.5
410005;06-09-2015 09:00:00;8.3
410005;06-09-2015 10:00:00;8.3
410005;06-09-2015 11:00:00;7.9
410005;06-09-2015 12:00:00;7.9
410005;06-09-2015 13:00:00;8.3
410005;06-09-2015 14:00:00;9.1
410005;06-09-2015 15:00:00;10.1
410005;06-09-2015 16:00:00;11.1
410005;06-09-2015 17:00:00;10.8
410005;06-09-2015 18:00:00;10.0
410005;06-09-2015 19:00:00;9.9
410005;06-09-2015 20:00:00;9.6
410005;06-09-2015 21:00:00;9.3
410005;06-09-2015 22:00:00;9.4
410005;06-09-2015 23:00:00;9.3
410005;07-09-2015 00:00:00;9.4
410005;07-09-2015 01:00:00;9.4
410005;07-09-2015 02:00:00;9.4
410005;07-09-2015 03:00:00;9.2
410005;07-09-2015 04:00:00;8.5
410005;07-09-2015 05:00:00;7.9
410005;07-09-2015 06:00:00;7.6
410005;07-09-2015 07:00:00;7.5
410005;07-09-2015 08:00:00;7.2
410005;07-09-2015 09:00:00;6.2
410005;07-09-2015 10:00:00;6.0
410005;07-09-2015 11:00:00;5.7
410005;07-09-2015 12:00:00;5.7
410005;07-09-2015 13:00:00;6.0
410005;07-09-2015 14:00:00;7.6
410005;07-09-2015 15:00:00;7.5
410005;07-09-2015 16:00:00;8.1
410005;07-09-2015 17:00:00;7.9
410005;07-09-2015 18:00:00;9.4
410005;07-09-2015 19:00:00;10.1
410005;07-09-2015 20:00:00;9.7
410005;07-09-2015 21:00:00;9.4
410005;07-09-2015 22:00:00;8.9
410005;07-09-2015 23:00:00;8.5
410005;08-09-2015 00:00:00;7.9
410005;08-09-2015 01:00:00;7.8
410005;08-09-2015 02:00:00;7.5
410005;08-09-2015 03:00:00;7.5
410005;08-09-2015 04:00:00;7.0
410005;08-09-2015 05:00:00;6.7
410005;08-09-2015 06:00:00;6.8
410005;08-09-2015 07:00:00;6.4
410005;08-09-2015 08:00:00;6.4
410005;08-09-2015 09:00:00;6.3
410005;08-09-2015 10:00:00;6.4
410005;08-09-2015 11:00:00;5.5
410005;08-09-2015 12:00:00;4.2
410005;08-09-2015 13:00:00;5.0
410005;08-09-2015 14:00:00;5.4
410005;08-09-2015 15:00:00;7.7
410005;08-09-2015 16:00:00;6.5
410005;08-09-2015 17:00:00;6.4
410005;08-09-2015 18:00:00;4.8
410005;08-09-2015 19:00:00;6.8
410005;08-09-2015 20:00:00;8.1
410005;08-09-2015 21:00:00;5.1
410005;08-09-2015 22:00:00;5.8
410005;08-09-2015 23:00:00;4.2
410005;09-09-2015 00:00:00;3.2
410005;09-09-2015 01:00:00;2.5
410005;09-09-2015 02:00:00;2.1
410005;09-09-2015 03:00:00;2.3
410005;09-09-2015 04:00:00;2.0
410005;09-09-2015 05:00:00;1.9
410005;09-09-2015 06:00:00;1.4
410005;09-09-2015 07:00:00;1.0
410005;09-09-2015 08:00:00;0.3
410005;09-09-2015 09:00:00;0.1
410005;09-09-2015 10:00:00;-0.5
410005;09-09-2015 11:00:00;-0.8
410005;09-09-2015 12:00:00;-0.5
410005;09-09-2015 13:00:00;1.5
410005;09-09-2015 14:00:00;4.4
410005;09-09-2015 15:00:00;5.7
410005;09-09-2015 16:00:00;6.3
410005;09-09-2015 17:00:00;7.2
410005;09-09-2015 18:00:00;6.0
410005;09-09-2015 19:00:00;7.4
410005;09-09-2015 20:00:00;7.0
410005;09-09-2015 21:00:00;7.5
410005;09-09-2015 22:00:00;6.2
410005;09-09-2015 23:00:00;5.0
410005;10-09-2015 00:00:00;3.7
410005;10-09-2015 01:00:00;3.7
410005;10-09-2015 02:00:00;3.8
410005;10-09-2015 03:00:00;3.7
410005;10-09-2015 04:00:00;3.7
410005;10-09-2015 05:00:00;3.7
410005;10-09-2015 06:00:00;3.9
410005;10-09-2015 07:00:00;3.8
410005;10-09-2015 08:00:00;3.8
410005;10-09-2015 09:00:00;3.8
410005;10-09-2015 10:00:00;3.8
410005;10-09-2015 11:00:00;3.8
410005;10-09-2015 12:00:00;3.9
410005;10-09-2015 13:00:00;5.2
410005;10-09-2015 14:00:00;7.3
410005;10-09-2015 15:00:00;9.1
410005;10-09-2015 16:00:00;9.3
410005;10-09-2015 17:00:00;9.7
410005;10-09-2015 18:00:00;9.6
410005;10-09-2015 19:00:00;7.7
410005;10-09-2015 20:00:00;8.2
410005;10-09-2015 21:00:00;7.6
410005;10-09-2015 22:00:00;7.5
410005;10-09-2015 23:00:00;7.1
410005;11-09-2015 00:00:00;6.6
410005;11-09-2015 01:00:00;6.0
410005;11-09-2015 02:00:00;5.1
410005;11-09-2015 03:00:00;4.0
410005;11-09-2015 04:00:00;4.3
410005;11-09-2015 05:00:00;4.5
410005;11-09-2015 06:00:00;4.0
410005;11-09-2015 07:00:00;4.0
410005;11-09-2015 08:00:00;3.7
410005;11-09-2015 09:00:00;4.0
410005;11-09-2015 10:00:00;4.3
410005;11-09-2015 11:00:00;4.5
410005;11-09-2015 12:00:00;5.0
410005;11-09-2015 13:00:00;6.1
410005;11-09-2015 14:00:00;7.1
410005;11-09-2015 15:00:00;8.2
410005;11-09-2015 16:00:00;9.5
410005;11-09-2015 17:00:00;10.1
410005;11-09-2015 18:00:00;9.2
410005;11-09-2015 19:00:00;8.4
410005;11-09-2015 20:00:00;8.0
410005;11-09-2015 21:00:00;8.6
410005;11-09-2015 22:00:00;8.4
410005;11-09-2015 23:00:00;7.8
410005;12-09-2015 00:00:00;7.4
410005;12-09-2015 01:00:00;7.2
410005;12-09-2015 02:00:00;6.9
410005;12-09-2015 03:00:00;6.9
410005;12-09-2015 04:00:00;6.6
410005;12-09-2015 05:00:00;5.7
410005;12-09-2015 06:00:00;5.3
410005;12-09-2015 07:00:00;5.7
410005;12-09-2015 08:00:00;6.1
410005;12-09-2015 09:00:00;6.1
410005;12-09-2015 10:00:00;5.9
410005;12-09-2015 11:00:00;5.7
410005;12-09-2015 12:00:00;6.0
410005;12-09-2015 13:00:00;7.9
410005;12-09-2015 14:00:00;8.4
410005;12-09-2015 15:00:00;8.9
410005;12-09-2015 16:00:00;9.8
410005;12-09-2015 17:00:00;10.4
410005;12-09-2015 18:00:00;11.7
410005;12-09-2015 19:00:00;11.1
410005;12-09-2015 20:00:00;10.9
410005;12-09-2015 21:00:00;10.6
410005;12-09-2015 22:00:00;10.1
410005;12-09-2015 23:00:00;8.2
410005;13-09-2015 00:00:00;6.8
410005;13-09-2015 01:00:00;6.5
410005;13-09-2015 02:00:00;5.8
410005;13-09-2015 03:00:00;5.5
410005;13-09-2015 04:00:00;5.1
410005;13-09-2015 05:00:00;4.5
410005;13-09-2015 06:00:00;6.0
410005;13-09-2015 07:00:00;5.1
410005;13-09-2015 08:00:00;4.6
410005;13-09-2015 09:00:00;4.5
410005;13-09-2015 10:00:00;4.2
410005;13-09-2015 11:00:00;3.7
410005;13-09-2015 12:00:00;4.0
410005;13-09-2015 13:00:00;6.3
410005;13-09-2015 14:00:00;8.5
410005;13-09-2015 15:00:00;8.7
410005;13-09-2015 16:00:00;8.7
410005;13-09-2015 17:00:00;10.5
410005;13-09-2015 18:00:00;10.9
410005;13-09-2015 19:00:00;11.1
410005;13-09-2015 20:00:00;10.3
410005;13-09-2015 21:00:00;9.6
410005;13-09-2015 22:00:00;8.5
410005;13-09-2015 23:00:00;8.0
410005;14-09-2015 00:00:00;6.3
410005;14-09-2015 01:00:00;5.0
410005;14-09-2015 02:00:00;4.3
410005;14-09-2015 03:00:00;4.4
410005;14-09-2015 04:00:00;3.5
410005;14-09-2015 05:00:00;2.7
410005;14-09-2015 06:00:00;2.4
410005;14-09-2015 07:00:00;2.3
410005;14-09-2015 08:00:00;2.5
410005;14-09-2015 09:00:00;2.5
410005;14-09-2015 10:00:00;2.7
410005;14-09-2015 11:00:00;3.2
410005;14-09-2015 12:00:00;3.6
410005;14-09-2015 13:00:00;4.7
410005;14-09-2015 14:00:00;5.0
410005;14-09-2015 15:00:00;6.5
410005;14-09-2015 16:00:00;7.6
410005;14-09-2015 17:00:00;9.5
410005;14-09-2015 18:00:00;8.8
410005;14-09-2015 19:00:00;9.0
410005;14-09-2015 20:00:00;8.9
410005;14-09-2015 21:00:00;8.9
410005;14-09-2015 22:00:00;7.1
410005;14-09-2015 23:00:00;6.4
410005;15-09-2015 00:00:00;6.1
410005;15-09-2015 01:00:00;6.2
410005;15-09-2015 02:00:00;6.2
410005;15-09-2015 03:00:00;4.0
410005;15-09-2015 04:00:00;3.3
410005;15-09-2015 05:00:00;3.1
410005;15-09-2015 06:00:00;2.1
410005;15-09-2015 07:00:00;1.7
410005;15-09-2015 08:00:00;1.1
410005;15-09-2015 09:00:00;0.8
410005;15-09-2015 10:00:00;0.5
410005;15-09-2015 11:00:00;0.0
410005;15-09-2015 12:00:00;1.0
410005;15-09-2015 15:00:00;7.1
410005;15-09-2015 18:00:00;8.3
410005;15-09-2015 21:00:00;7.5
410005;16-09-2015 03:00:00;1.8
410005;16-09-2015 04:00:00;0.5
410005;16-09-2015 05:00:00;-0.7
410005;16-09-2015 06:00:00;-0.7
410005;16-09-2015 07:00:00;-1.1
410005;16-09-2015 08:00:00;-1.6
410005;16-09-2015 09:00:00;-1.5
410005;16-09-2015 10:00:00;-0.7
410005;16-09-2015 11:00:00;-0.7
410005;16-09-2015 12:00:00;0.1
410005;16-09-2015 13:00:00;2.1
410005;16-09-2015 14:00:00;5.3
410005;16-09-2015 15:00:00;7.6
410005;16-09-2015 16:00:00;7.7
410005;16-09-2015 17:00:00;8.8
410005;16-09-2015 18:00:00;8.5
410005;16-09-2015 19:00:00;8.5
410005;16-09-2015 20:00:00;8.7
410005;16-09-2015 21:00:00;7.9
410005;16-09-2015 22:00:00;8.4
410005;16-09-2015 23:00:00;6.1
410005;17-09-2015 00:00:00;4.7
410005;17-09-2015 01:00:00;3.7
410005;17-09-2015 02:00:00;3.2
410005;17-09-2015 03:00:00;3.0
410005;17-09-2015 04:00:00;3.6
410005;17-09-2015 05:00:00;1.8
410005;17-09-2015 06:00:00;0.7
410005;17-09-2015 07:00:00;0.4
410005;17-09-2015 08:00:00;0.5
410005;17-09-2015 09:00:00;1.1
410005;17-09-2015 10:00:00;1.3
410005;17-09-2015 11:00:00;1.3
410005;17-09-2015 12:00:00;1.8
410005;17-09-2015 13:00:00;4.6
410005;17-09-2015 14:00:00;7.0
410005;17-09-2015 15:00:00;8.4
410005;17-09-2015 16:00:00;7.3
410005;17-09-2015 17:00:00;8.0
410005;17-09-2015 18:00:00;7.6
410005;17-09-2015 19:00:00;9.5
410005;17-09-2015 20:00:00;8.9
410005;17-09-2015 21:00:00;8.2
410005;17-09-2015 22:00:00;9.1
410005;17-09-2015 23:00:00;7.1
410005;18-09-2015 00:00:00;5.5
410005;18-09-2015 01:00:00;2.9
410005;18-09-2015 02:00:00;1.8
410005;18-09-2015 03:00:00;0.5
410005;18-09-2015 04:00:00;0.0
410005;18-09-2015 05:00:00;0.8
410005;18-09-2015 06:00:00;1.4
410005;18-09-2015 07:00:00;1.5
410005;18-09-2015 08:00:00;1.1
410005;18-09-2015 09:00:00;1.2
410005;18-09-2015 10:00:00;1.0
410005;18-09-2015 11:00:00;-0.2
410005;18-09-2015 12:00:00;0.8
410005;18-09-2015 13:00:00;5.0
410005;18-09-2015 14:00:00;7.2
410005;18-09-2015 15:00:00;6.8
410005;18-09-2015 16:00:00;8.9
410005;18-09-2015 17:00:00;8.7
410005;18-09-2015 18:00:00;10.2
410005;18-09-2015 19:00:00;10.2
410005;18-09-2015 20:00:00;9.5
410005;18-09-2015 21:00:00;8.9
410005;18-09-2015 22:00:00;7.7
410005;18-09-2015 23:00:00;6.9
410005;19-09-2015 00:00:00;4.9
410005;19-09-2015 01:00:00;5.7
410005;19-09-2015 02:00:00;5.7
410005;19-09-2015 03:00:00;4.3
410005;19-09-2015 04:00:00;3.9
410005;19-09-2015 05:00:00;4.8
410005;19-09-2015 06:00:00;5.0
410005;19-09-2015 07:00:00;5.3
410005;19-09-2015 08:00:00;5.3
410005;19-09-2015 09:00:00;4.5
410005;19-09-2015 10:00:00;3.5
410005;19-09-2015 11:00:00;3.8
410005;19-09-2015 12:00:00;4.6
410005;19-09-2015 13:00:00;6.8
410005;19-09-2015 14:00:00;8.6
410005;19-09-2015 15:00:00;8.8
410005;19-09-2015 16:00:00;10.3
410005;19-09-2015 17:00:00;10.1
410005;19-09-2015 18:00:00;10.7
410005;19-09-2015 19:00:00;10.8
410005;19-09-2015 20:00:00;10.9
410005;19-09-2015 21:00:00;10.2
410005;19-09-2015 22:00:00;9.5
410005;19-09-2015 23:00:00;7.6
410005;20-09-2015 00:00:00;6.8
410005;20-09-2015 01:00:00;5.8
410005;20-09-2015 02:00:00;5.1
410005;20-09-2015 03:00:00;4.8
410005;20-09-2015 04:00:00;5.4
410005;20-09-2015 05:00:00;7.0
410005;20-09-2015 06:00:00;7.2
410005;20-09-2015 07:00:00;6.6
410005;20-09-2015 08:00:00;6.4
410005;20-09-2015 09:00:00;6.3
410005;20-09-2015 10:00:00;5.9
410005;20-09-2015 11:00:00;6.0
410005;20-09-2015 12:00:00;6.8
410005;20-09-2015 13:00:00;9.1
410005;20-09-2015 14:00:00;10.7
410005;20-09-2015 15:00:00;11.8
410005;20-09-2015 16:00:00;13.1
410005;20-09-2015 17:00:00;13.9
410005;20-09-2015 18:00:00;14.3
410005;20-09-2015 19:00:00;14.9
410005;20-09-2015 20:00:00;14.9
410005;20-09-2015 21:00:00;13.6
410005;20-09-2015 22:00:00;12.6
410005;20-09-2015 23:00:00;11.1
410005;21-09-2015 00:00:00;8.9
410005;21-09-2015 01:00:00;7.8
410005;21-09-2015 02:00:00;7.7
410005;21-09-2015 03:00:00;5.4
410005;21-09-2015 04:00:00;4.1
410005;21-09-2015 05:00:00;2.8
410005;21-09-2015 06:00:00;2.3
410005;21-09-2015 07:00:00;1.9
410005;21-09-2015 08:00:00;1.5
410005;21-09-2015 09:00:00;1.4
410005;21-09-2015 10:00:00;1.4
410005;21-09-2015 11:00:00;1.6
410005;21-09-2015 12:00:00;3.4
410005;21-09-2015 13:00:00;6.7
410005;21-09-2015 14:00:00;11.2
410005;21-09-2015 15:00:00;14.6
410005;21-09-2015 16:00:00;16.1
410005;21-09-2015 17:00:00;16.2
410005;21-09-2015 18:00:00;16.5
410005;21-09-2015 19:00:00;16.6
410005;21-09-2015 20:00:00;16.5
410005;21-09-2015 21:00:00;16.6
410005;21-09-2015 22:00:00;14.4
410005;21-09-2015 23:00:00;12.5
410005;22-09-2015 00:00:00;10.6
410005;22-09-2015 01:00:00;9.7
410005;22-09-2015 02:00:00;9.1
410005;22-09-2015 03:00:00;8.8
410005;22-09-2015 04:00:00;8.5
410005;22-09-2015 05:00:00;8.0
410005;22-09-2015 06:00:00;7.2
410005;22-09-2015 07:00:00;7.0
410005;22-09-2015 08:00:00;7.6
410005;22-09-2015 09:00:00;6.7
410005;22-09-2015 10:00:00;6.7
410005;22-09-2015 11:00:00;6.5
410005;22-09-2015 12:00:00;7.1
410005;22-09-2015 13:00:00;8.6
410005;22-09-2015 14:00:00;12.2
410005;22-09-2015 15:00:00;14.0
410005;22-09-2015 16:00:00;13.8
410005;22-09-2015 17:00:00;13.9
410005;22-09-2015 18:00:00;13.7
410005;22-09-2015 19:00:00;13.4
410005;22-09-2015 20:00:00;13.9
410005;22-09-2015 21:00:00;14.5
410005;22-09-2015 22:00:00;13.2
410005;22-09-2015 23:00:00;11.7
410005;23-09-2015 00:00:00;10.6
410005;23-09-2015 01:00:00;10.0
410005;23-09-2015 02:00:00;9.6
410005;23-09-2015 03:00:00;9.5
410005;23-09-2015 04:00:00;9.1
410005;23-09-2015 05:00:00;9.6
410005;23-09-2015 06:00:00;9.5
410005;23-09-2015 07:00:00;9.3
410005;23-09-2015 08:00:00;8.9
410005;23-09-2015 09:00:00;8.2
410005;23-09-2015 10:00:00;7.2
410005;23-09-2015 11:00:00;4.9
410005;23-09-2015 12:00:00;6.5
410005;23-09-2015 13:00:00;10.9
410005;23-09-2015 14:00:00;13.2
410005;23-09-2015 15:00:00;14.2
410005;23-09-2015 16:00:00;14.5
410005;23-09-2015 17:00:00;15.8
410005;23-09-2015 18:00:00;15.6
410005;23-09-2015 19:00:00;14.1
410005;23-09-2015 20:00:00;13.1
410005;23-09-2015 21:00:00;12.5
410005;23-09-2015 22:00:00;11.2
410005;23-09-2015 23:00:00;10.9
410005;24-09-2015 00:00:00;10.8
410005;24-09-2015 01:00:00;10.7
410005;24-09-2015 02:00:00;11.0
410005;24-09-2015 03:00:00;10.5
410005;24-09-2015 04:00:00;9.9
410005;24-09-2015 05:00:00;10.7
410005;24-09-2015 06:00:00;10.5
410005;24-09-2015 07:00:00;9.4
410005;24-09-2015 08:00:00;9.4
410005;24-09-2015 09:00:00;9.1
410005;24-09-2015 10:00:00;8.8
410005;24-09-2015 11:00:00;8.6
410005;24-09-2015 12:00:00;9.3
410005;24-09-2015 13:00:00;10.3
410005;24-09-2015 14:00:00;11.1
410005;24-09-2015 15:00:00;11.9
410005;24-09-2015 16:00:00;12.9
410005;24-09-2015 17:00:00;13.3
410005;24-09-2015 18:00:00;13.1
410005;24-09-2015 19:00:00;13.5
410005;24-09-2015 20:00:00;11.2
410005;24-09-2015 21:00:00;12.3
410005;24-09-2015 22:00:00;11.2
410005;24-09-2015 23:00:00;10.8
410005;25-09-2015 00:00:00;10.2
410005;25-09-2015 01:00:00;10.0
410005;25-09-2015 02:00:00;9.8
410005;25-09-2015 03:00:00;9.6
410005;25-09-2015 04:00:00;9.2
410005;25-09-2015 05:00:00;8.5
410005;25-09-2015 06:00:00;8.1
410005;25-09-2015 07:00:00;8.5
410005;25-09-2015 08:00:00;8.3
410005;25-09-2015 09:00:00;8.2
410005;25-09-2015 10:00:00;8.2
410005;25-09-2015 11:00:00;8.2
410005;25-09-2015 12:00:00;8.9
410005;25-09-2015 13:00:00;9.4
410005;25-09-2015 14:00:00;10.0
410005;25-09-2015 15:00:00;11.0
410005;25-09-2015 16:00:00;11.7
410005;25-09-2015 17:00:00;10.2
410005;25-09-2015 18:00:00;11.1
410005;25-09-2015 19:00:00;10.6
410005;25-09-2015 20:00:00;10.4
410005;25-09-2015 21:00:00;11.1
410005;25-09-2015 22:00:00;10.5
410005;25-09-2015 23:00:00;9.5
410005;26-09-2015 00:00:00;8.6
410005;26-09-2015 01:00:00;8.0
410005;26-09-2015 02:00:00;6.8
410005;26-09-2015 03:00:00;6.2
410005;26-09-2015 04:00:00;5.8
410005;26-09-2015 05:00:00;5.5
410005;26-09-2015 06:00:00;5.6
410005;26-09-2015 07:00:00;4.9
410005;26-09-2015 08:00:00;4.9
410005;26-09-2015 09:00:00;5.2
410005;26-09-2015 10:00:00;5.7
410005;26-09-2015 11:00:00;6.4
410005;26-09-2015 12:00:00;7.3
410005;26-09-2015 13:00:00;7.7
410005;26-09-2015 14:00:00;7.6
410005;26-09-2015 15:00:00;8.1
410005;26-09-2015 16:00:00;8.8
410005;26-09-2015 17:00:00;9.8
410005;26-09-2015 18:00:00;10.7
410005;26-09-2015 19:00:00;10.5
410005;26-09-2015 20:00:00;9.7
410005;26-09-2015 21:00:00;10.1
410005;26-09-2015 22:00:00;10.2
410005;26-09-2015 23:00:00;10.2
410005;27-09-2015 00:00:00;9.9
410005;27-09-2015 01:00:00;9.3
410005;27-09-2015 02:00:00;8.9
410005;27-09-2015 03:00:00;8.7
410005;27-09-2015 04:00:00;8.6
410005;27-09-2015 05:00:00;8.6
410005;27-09-2015 06:00:00;8.7
410005;27-09-2015 07:00:00;8.7
410005;27-09-2015 08:00:00;8.6
410005;27-09-2015 09:00:00;8.7
410005;27-09-2015 10:00:00;8.6
410005;27-09-2015 11:00:00;8.9
410005;27-09-2015 12:00:00;9.1
410005;27-09-2015 13:00:00;9.4
410005;27-09-2015 14:00:00;9.9
410005;27-09-2015 15:00:00;10.3
410005;27-09-2015 16:00:00;10.2
410005;27-09-2015 17:00:00;10.3
410005;27-09-2015 18:00:00;10.8
410005;27-09-2015 19:00:00;11.1
410005;27-09-2015 20:00:00;11.2
410005;27-09-2015 21:00:00;12.1
410005;27-09-2015 22:00:00;12.1
410005;27-09-2015 23:00:00;10.9
410005;28-09-2015 00:00:00;10.1
410005;28-09-2015 01:00:00;9.4
410005;28-09-2015 02:00:00;8.6
410005;28-09-2015 03:00:00;8.2
410005;28-09-2015 04:00:00;7.3
410005;28-09-2015 05:00:00;5.4
410005;28-09-2015 06:00:00;4.2
410005;28-09-2015 07:00:00;3.7
410005;28-09-2015 08:00:00;3.6
410005;28-09-2015 09:00:00;3.9
410005;28-09-2015 10:00:00;4.7
410005;28-09-2015 11:00:00;4.7
410005;28-09-2015 12:00:00;5.9
410005;28-09-2015 13:00:00;7.7
410005;28-09-2015 14:00:00;9.9
410005;28-09-2015 15:00:00;10.7
410005;28-09-2015 16:00:00;11.2
410005;28-09-2015 17:00:00;11.4
410005;28-09-2015 18:00:00;12.5
410005;28-09-2015 19:00:00;11.7
410005;28-09-2015 20:00:00;11.4
410005;28-09-2015 21:00:00;11.3
410005;28-09-2015 22:00:00;11.0
410005;28-09-2015 23:00:00;10.2
410005;29-09-2015 00:00:00;8.7
410005;29-09-2015 01:00:00;8.4
410005;29-09-2015 02:00:00;8.1
410005;29-09-2015 03:00:00;7.9
410005;29-09-2015 04:00:00;7.5
410005;29-09-2015 05:00:00;7.1
410005;29-09-2015 06:00:00;7.7
410005;29-09-2015 07:00:00;7.6
410005;29-09-2015 08:00:00;8.2
410005;29-09-2015 09:00:00;8.7
410005;29-09-2015 10:00:00;9.2
410005;29-09-2015 11:00:00;9.5
410005;29-09-2015 12:00:00;10.2
410005;29-09-2015 13:00:00;10.9
410005;29-09-2015 14:00:00;11.9
410005;29-09-2015 15:00:00;12.5
410005;29-09-2015 16:00:00;12.6
410005;29-09-2015 17:00:00;13.3
410005;29-09-2015 18:00:00;13.3
410005;29-09-2015 19:00:00;13.1
410005;29-09-2015 20:00:00;12.1
410005;29-09-2015 21:00:00;12.2
410005;29-09-2015 22:00:00;11.9
410005;29-09-2015 23:00:00;12.3
410005;30-09-2015 00:00:00;11.9
410005;30-09-2015 01:00:00;12.0
410005;30-09-2015 02:00:00;11.9
410005;30-09-2015 03:00:00;11.9
410005;30-09-2015 04:00:00;12.1
410005;30-09-2015 05:00:00;12.1
410005;30-09-2015 06:00:00;11.2
410005;30-09-2015 07:00:00;10.9
410005;30-09-2015 08:00:00;10.9
410005;30-09-2015 09:00:00;10.4
410005;30-09-2015 10:00:00;9.7
410005;30-09-2015 11:00:00;9.7
410005;30-09-2015 12:00:00;9.6
410005;30-09-2015 13:00:00;9.5
410005;30-09-2015 14:00:00;9.7
410005;30-09-2015 15:00:00;9.2
410005;30-09-2015 16:00:00;10.0
410005;30-09-2015 17:00:00;10.0
410005;30-09-2015 18:00:00;10.8
410005;30-09-2015 19:00:00;10.8
410005;30-09-2015 20:00:00;10.6
410005;30-09-2015 21:00:00;10.6
410005;30-09-2015 22:00:00;10.1
410005;30-09-2015 23:00:00;9.4
410005;01-10-2015 00:00:00;9.0
410005;01-10-2015 01:00:00;8.8
410005;01-10-2015 02:00:00;8.4
410005;01-10-2015 03:00:00;7.9
410005;01-10-2015 04:00:00;7.7
410005;01-10-2015 05:00:00;6.8
410005;01-10-2015 06:00:00;5.6
410005;01-10-2015 07:00:00;5.8
410005;01-10-2015 08:00:00;5.5
410005;01-10-2015 09:00:00;5.8
410005;01-10-2015 10:00:00;5.5
410005;01-10-2015 11:00:00;6.3
410005;01-10-2015 12:00:00;7.2
410005;01-10-2015 13:00:00;8.5
410005;01-10-2015 14:00:00;10.4
410005;01-10-2015 15:00:00;11.1
410005;01-10-2015 16:00:00;12.2
410005;01-10-2015 17:00:00;12.9
410005;01-10-2015 18:00:00;13.6
410005;01-10-2015 19:00:00;14.4
410005;01-10-2015 20:00:00;14.8
410005;01-10-2015 21:00:00;14.1
410005;01-10-2015 22:00:00;14.1
410005;01-10-2015 23:00:00;13.5
410005;02-10-2015 00:00:00;12.4
410005;02-10-2015 01:00:00;12.0
410005;02-10-2015 02:00:00;11.9
410005;02-10-2015 03:00:00;11.2
410005;02-10-2015 04:00:00;12.2
410005;02-10-2015 05:00:00;9.9
410005;02-10-2015 06:00:00;8.0
410005;02-10-2015 07:00:00;9.2
410005;02-10-2015 08:00:00;8.9
410005;02-10-2015 09:00:00;9.1
410005;02-10-2015 10:00:00;9.6
410005;02-10-2015 11:00:00;10.2
410005;02-10-2015 12:00:00;11.7
410005;02-10-2015 13:00:00;13.5
410005;02-10-2015 14:00:00;15.5
410005;02-10-2015 15:00:00;16.8
410005;02-10-2015 16:00:00;16.7
410005;02-10-2015 17:00:00;17.2
410005;02-10-2015 18:00:00;18.3
410005;02-10-2015 19:00:00;18.7
410005;02-10-2015 20:00:00;18.2
410005;02-10-2015 21:00:00;17.6
410005;02-10-2015 22:00:00;17.8
410005;02-10-2015 23:00:00;15.1
410005;03-10-2015 00:00:00;11.7
410005;03-10-2015 01:00:00;10.2
410005;03-10-2015 02:00:00;9.4
410005;03-10-2015 03:00:00;8.4
410005;03-10-2015 04:00:00;6.1
410005;03-10-2015 05:00:00;6.1
410005;03-10-2015 06:00:00;5.9
410005;03-10-2015 07:00:00;5.0
410005;03-10-2015 08:00:00;5.3
410005;03-10-2015 09:00:00;5.6
410005;03-10-2015 10:00:00;5.5
410005;03-10-2015 11:00:00;5.8
410005;03-10-2015 12:00:00;9.0
410005;03-10-2015 13:00:00;13.2
410005;03-10-2015 14:00:00;15.5
410005;03-10-2015 15:00:00;16.2
410005;03-10-2015 16:00:00;18.6
410005;03-10-2015 17:00:00;20.3
410005;03-10-2015 18:00:00;19.6
410005;03-10-2015 19:00:00;20.6
410005;03-10-2015 20:00:00;19.7
410005;03-10-2015 21:00:00;18.9
410005;03-10-2015 22:00:00;18.2
410005;03-10-2015 23:00:00;16.7
410005;04-10-2015 00:00:00;13.5
410005;04-10-2015 01:00:00;11.9
410005;04-10-2015 02:00:00;12.2
410005;04-10-2015 03:00:00;11.4
410005;04-10-2015 04:00:00;11.5
410005;04-10-2015 05:00:00;11.6
410005;04-10-2015 06:00:00;11.3
410005;04-10-2015 07:00:00;11.5
410005;04-10-2015 08:00:00;11.6
410005;04-10-2015 09:00:00;12.0
410005;04-10-2015 10:00:00;12.1
410005;04-10-2015 11:00:00;11.4
410005;04-10-2015 12:00:00;11.7
410005;04-10-2015 13:00:00;11.4
410005;04-10-2015 14:00:00;11.2
410005;04-10-2015 15:00:00;10.8
410005;04-10-2015 16:00:00;13.2
410005;04-10-2015 17:00:00;15.4
410005;04-10-2015 18:00:00;10.8
410005;04-10-2015 19:00:00;12.9
410005;04-10-2015 20:00:00;13.5
410005;04-10-2015 21:00:00;14.3
410005;04-10-2015 22:00:00;12.3
410005;04-10-2015 23:00:00;11.1
410005;05-10-2015 00:00:00;9.2
410005;05-10-2015 01:00:00;8.9
410005;05-10-2015 02:00:00;8.3
410005;05-10-2015 03:00:00;7.9
410005;05-10-2015 04:00:00;7.5
410005;05-10-2015 05:00:00;7.1
410005;05-10-2015 06:00:00;6.4
410005;05-10-2015 07:00:00;6.4
410005;05-10-2015 08:00:00;6.4
410005;05-10-2015 09:00:00;5.9
410005;05-10-2015 10:00:00;5.6
410005;05-10-2015 11:00:00;5.6
410005;05-10-2015 12:00:00;7.7
410005;05-10-2015 13:00:00;9.9
410005;05-10-2015 14:00:00;11.7
410005;05-10-2015 15:00:00;12.6
410005;05-10-2015 16:00:00;12.8
410005;05-10-2015 17:00:00;12.5
410005;05-10-2015 18:00:00;8.2
410005;05-10-2015 19:00:00;11.4
410005;05-10-2015 20:00:00;8.1
410005;05-10-2015 21:00:00;10.6
410005;05-10-2015 22:00:00;10.4
410005;05-10-2015 23:00:00;7.5
410005;06-10-2015 00:00:00;7.3
410005;06-10-2015 01:00:00;6.8
410005;06-10-2015 02:00:00;6.4
410005;06-10-2015 03:00:00;6.2
410005;06-10-2015 04:00:00;6.2
410005;06-10-2015 05:00:00;5.4
410005;06-10-2015 06:00:00;4.4
410005;06-10-2015 07:00:00;4.4
410005;06-10-2015 08:00:00;4.8
410005;06-10-2015 09:00:00;2.9
410005;06-10-2015 10:00:00;2.8
410005;06-10-2015 11:00:00;3.3
410005;06-10-2015 12:00:00;4.1
410005;06-10-2015 13:00:00;6.4
410005;06-10-2015 14:00:00;7.6
410005;06-10-2015 15:00:00;8.2
410005;06-10-2015 16:00:00;7.0
410005;06-10-2015 17:00:00;9.6
410005;06-10-2015 18:00:00;11.4
410005;06-10-2015 19:00:00;11.3
410005;06-10-2015 20:00:00;9.8
410005;06-10-2015 21:00:00;10.7
410005;06-10-2015 22:00:00;7.6
410005;06-10-2015 23:00:00;5.9
410005;07-10-2015 00:00:00;6.1
410005;07-10-2015 01:00:00;5.8
410005;07-10-2015 02:00:00;5.2
410005;07-10-2015 03:00:00;4.6
410005;07-10-2015 04:00:00;5.1
410005;07-10-2015 05:00:00;5.0
410005;07-10-2015 06:00:00;4.7
410005;07-10-2015 07:00:00;4.2
410005;07-10-2015 08:00:00;4.5
410005;07-10-2015 09:00:00;4.6
410005;07-10-2015 10:00:00;4.2
410005;07-10-2015 11:00:00;3.6
410005;07-10-2015 12:00:00;4.7
410005;07-10-2015 13:00:00;7.0
410005;07-10-2015 14:00:00;8.3
410005;07-10-2015 15:00:00;9.5
410005;07-10-2015 16:00:00;9.1
410005;07-10-2015 17:00:00;9.9
410005;07-10-2015 18:00:00;10.6
410005;07-10-2015 19:00:00;8.6
410005;07-10-2015 20:00:00;10.3
410005;07-10-2015 21:00:00;10.4
410005;07-10-2015 22:00:00;9.3
410005;07-10-2015 23:00:00;8.3
410005;08-10-2015 00:00:00;6.2
410005;08-10-2015 01:00:00;4.9
410005;08-10-2015 02:00:00;3.6
410005;08-10-2015 03:00:00;3.5
410005;08-10-2015 04:00:00;3.1
410005;08-10-2015 05:00:00;1.0
410005;08-10-2015 06:00:00;0.4
410005;08-10-2015 07:00:00;-0.3
410005;08-10-2015 08:00:00;-0.6
410005;08-10-2015 09:00:00;-0.2
410005;08-10-2015 10:00:00;-0.2
410005;08-10-2015 11:00:00;-0.5
410005;08-10-2015 12:00:00;1.1
410005;08-10-2015 13:00:00;5.6
410005;08-10-2015 14:00:00;9.0
410005;08-10-2015 15:00:00;9.8
410005;08-10-2015 16:00:00;11.2
410005;08-10-2015 17:00:00;11.6
410005;08-10-2015 18:00:00;12.1
410005;08-10-2015 19:00:00;11.8
410005;08-10-2015 20:00:00;11.5
410005;08-10-2015 21:00:00;11.5
410005;08-10-2015 22:00:00;10.2
410005;08-10-2015 23:00:00;8.6
410005;09-10-2015 00:00:00;6.8
410005;09-10-2015 01:00:00;5.6
410005;09-10-2015 02:00:00;5.5
410005;09-10-2015 03:00:00;4.2
410005;09-10-2015 04:00:00;4.9
410005;09-10-2015 05:00:00;4.7
410005;09-10-2015 06:00:00;4.9
410005;09-10-2015 07:00:00;3.1
410005;09-10-2015 08:00:00;1.9
410005;09-10-2015 09:00:00;1.7
410005;09-10-2015 10:00:00;1.9
410005;09-10-2015 11:00:00;2.4
410005;09-10-2015 12:00:00;4.9
410005;09-10-2015 13:00:00;8.9
410005;09-10-2015 14:00:00;10.2
410005;09-10-2015 15:00:00;11.3
410005;09-10-2015 16:00:00;12.2
410005;09-10-2015 17:00:00;13.0
410005;09-10-2015 18:00:00;13.6
410005;09-10-2015 19:00:00;14.1
410005;09-10-2015 20:00:00;14.0
410005;09-10-2015 21:00:00;13.8
410005;09-10-2015 22:00:00;12.6
410005;09-10-2015 23:00:00;10.6
410005;10-10-2015 00:00:00;8.1
410005;10-10-2015 01:00:00;8.2
410005;10-10-2015 02:00:00;7.9
410005;10-10-2015 03:00:00;5.8
410005;10-10-2015 04:00:00;8.5
410005;10-10-2015 05:00:00;8.9
410005;10-10-2015 06:00:00;4.4
410005;10-10-2015 07:00:00;3.0
410005;10-10-2015 08:00:00;2.1
410005;10-10-2015 09:00:00;1.4
410005;10-10-2015 10:00:00;2.4
410005;10-10-2015 11:00:00;2.9
410005;10-10-2015 12:00:00;5.7
410005;10-10-2015 13:00:00;8.1
410005;10-10-2015 14:00:00;13.2
410005;10-10-2015 15:00:00;15.5
410005;10-10-2015 16:00:00;16.5
410005;10-10-2015 17:00:00;17.7
410005;10-10-2015 18:00:00;17.3
410005;10-10-2015 19:00:00;17.6
410005;10-10-2015 20:00:00;18.3
410005;10-10-2015 21:00:00;17.8
410005;10-10-2015 22:00:00;16.7
410005;10-10-2015 23:00:00;14.3
410005;11-10-2015 00:00:00;11.5
410005;11-10-2015 01:00:00;9.2
410005;11-10-2015 02:00:00;7.5
410005;11-10-2015 03:00:00;5.6
410005;11-10-2015 04:00:00;3.8
410005;11-10-2015 05:00:00;3.1
410005;11-10-2015 06:00:00;2.5
410005;11-10-2015 07:00:00;2.1
410005;11-10-2015 08:00:00;0.9
410005;11-10-2015 09:00:00;0.6
410005;11-10-2015 10:00:00;0.1
410005;11-10-2015 11:00:00;0.7
410005;11-10-2015 12:00:00;6.6
410005;11-10-2015 13:00:00;13.2
410005;11-10-2015 14:00:00;14.8
410005;11-10-2015 15:00:00;16.7
410005;11-10-2015 16:00:00;17.5
410005;11-10-2015 17:00:00;18.1
410005;11-10-2015 18:00:00;19.0
410005;11-10-2015 19:00:00;19.3
410005;11-10-2015 20:00:00;19.3
410005;11-10-2015 21:00:00;19.2
410005;11-10-2015 22:00:00;18.6
410005;11-10-2015 23:00:00;15.5
410005;12-10-2015 00:00:00;12.0
410005;12-10-2015 01:00:00;10.5
410005;12-10-2015 02:00:00;8.6
410005;12-10-2015 03:00:00;7.6
410005;12-10-2015 04:00:00;6.7
410005;12-10-2015 05:00:00;6.4
410005;12-10-2015 06:00:00;7.3
410005;12-10-2015 07:00:00;7.1
410005;12-10-2015 08:00:00;7.6
410005;12-10-2015 09:00:00;6.8
410005;12-10-2015 10:00:00;7.0
410005;12-10-2015 11:00:00;7.4
410005;12-10-2015 12:00:00;10.2
410005;12-10-2015 13:00:00;12.5
410005;12-10-2015 14:00:00;13.2
410005;12-10-2015 15:00:00;14.6
410005;12-10-2015 16:00:00;14.9
410005;12-10-2015 17:00:00;14.3
410005;12-10-2015 18:00:00;12.4
410005;12-10-2015 19:00:00;10.4
410005;12-10-2015 20:00:00;10.8
410005;12-10-2015 21:00:00;10.9
410005;12-10-2015 22:00:00;11.1
410005;12-10-2015 23:00:00;10.7
410005;13-10-2015 00:00:00;10.4
410005;13-10-2015 01:00:00;9.3
410005;13-10-2015 02:00:00;9.5
410005;13-10-2015 03:00:00;9.5
410005;13-10-2015 04:00:00;9.5
410005;13-10-2015 05:00:00;9.7
410005;13-10-2015 06:00:00;9.9
410005;13-10-2015 07:00:00;10.0
410005;13-10-2015 08:00:00;10.0
410005;13-10-2015 09:00:00;9.9
410005;13-10-2015 10:00:00;9.7
410005;13-10-2015 11:00:00;9.6
410005;13-10-2015 12:00:00;9.7
410005;13-10-2015 13:00:00;10.2
410005;13-10-2015 14:00:00;11.6
410005;13-10-2015 15:00:00;10.9
410005;13-10-2015 16:00:00;11.5
410005;13-10-2015 17:00:00;12.2
410005;13-10-2015 18:00:00;13.5
410005;13-10-2015 19:00:00;12.5
410005;13-10-2015 20:00:00;13.5
410005;13-10-2015 21:00:00;13.0
410005;13-10-2015 22:00:00;11.1
410005;13-10-2015 23:00:00;10.1
410005;14-10-2015 00:00:00;8.8
410005;14-10-2015 01:00:00;8.3
410005;14-10-2015 02:00:00;7.4
410005;14-10-2015 03:00:00;7.1
410005;14-10-2015 04:00:00;6.9
410005;14-10-2015 05:00:00;6.9
410005;14-10-2015 06:00:00;7.0
410005;14-10-2015 07:00:00;6.7
410005;14-10-2015 08:00:00;6.6
410005;14-10-2015 09:00:00;6.3
410005;14-10-2015 10:00:00;5.8
410005;14-10-2015 11:00:00;5.5
410005;14-10-2015 12:00:00;7.0
410005;14-10-2015 13:00:00;9.0
410005;14-10-2015 14:00:00;9.6
410005;14-10-2015 15:00:00;9.0
410005;14-10-2015 16:00:00;10.7
410005;14-10-2015 17:00:00;10.4
410005;14-10-2015 18:00:00;8.8
410005;14-10-2015 19:00:00;7.4
410005;14-10-2015 20:00:00;9.3
410005;14-10-2015 21:00:00;9.3
410005;14-10-2015 22:00:00;7.9
410005;14-10-2015 23:00:00;8.1
410005;15-10-2015 00:00:00;6.1
410005;15-10-2015 01:00:00;5.5
410005;15-10-2015 02:00:00;5.5
410005;15-10-2015 03:00:00;5.4
410005;15-10-2015 04:00:00;4.5
410005;15-10-2015 05:00:00;4.2
410005;15-10-2015 06:00:00;3.2
410005;15-10-2015 07:00:00;2.8
410005;15-10-2015 08:00:00;3.1
410005;15-10-2015 09:00:00;3.4
410005;15-10-2015 10:00:00;3.5
410005;15-10-2015 11:00:00;3.7
410005;15-10-2015 12:00:00;5.0
410005;15-10-2015 13:00:00;7.9
410005;15-10-2015 14:00:00;8.4
410005;15-10-2015 15:00:00;9.5
410005;15-10-2015 16:00:00;10.4
410005;15-10-2015 17:00:00;10.8
410005;15-10-2015 18:00:00;11.2
410005;15-10-2015 19:00:00;9.4
410005;15-10-2015 20:00:00;11.0
410005;15-10-2015 21:00:00;8.0
410005;15-10-2015 22:00:00;8.1
410005;15-10-2015 23:00:00;8.4
410005;16-10-2015 00:00:00;7.7
410005;16-10-2015 01:00:00;6.4
410005;16-10-2015 02:00:00;6.2
410005;16-10-2015 03:00:00;6.8
410005;16-10-2015 04:00:00;6.4
410005;16-10-2015 05:00:00;5.1
410005;16-10-2015 06:00:00;3.1
410005;16-10-2015 07:00:00;2.5
410005;16-10-2015 08:00:00;1.5
410005;16-10-2015 09:00:00;0.6
410005;16-10-2015 10:00:00;0.4
410005;16-10-2015 11:00:00;1.4
410005;16-10-2015 12:00:00;7.7
410005;16-10-2015 13:00:00;9.5
410005;16-10-2015 14:00:00;10.7
410005;16-10-2015 15:00:00;12.1
410005;16-10-2015 16:00:00;12.5
410005;16-10-2015 17:00:00;13.7
410005;16-10-2015 18:00:00;13.7
410005;16-10-2015 19:00:00;14.0
410005;16-10-2015 20:00:00;13.4
410005;16-10-2015 21:00:00;12.6
410005;16-10-2015 22:00:00;11.5
410005;16-10-2015 23:00:00;9.6
410005;17-10-2015 00:00:00;7.0
410005;17-10-2015 01:00:00;6.1
410005;17-10-2015 02:00:00;5.8
410005;17-10-2015 03:00:00;4.2
410005;17-10-2015 04:00:00;3.3
410005;17-10-2015 05:00:00;3.4
410005;17-10-2015 06:00:00;4.3
410005;17-10-2015 07:00:00;4.3
410005;17-10-2015 08:00:00;3.4
410005;17-10-2015 09:00:00;3.1
410005;17-10-2015 10:00:00;3.1
410005;17-10-2015 11:00:00;3.1
410005;17-10-2015 12:00:00;5.8
410005;17-10-2015 13:00:00;11.0
410005;17-10-2015 14:00:00;12.1
410005;17-10-2015 15:00:00;12.9
410005;17-10-2015 16:00:00;13.7
410005;17-10-2015 17:00:00;14.5
410005;17-10-2015 18:00:00;15.3
410005;17-10-2015 19:00:00;15.5
410005;17-10-2015 20:00:00;15.1
410005;17-10-2015 21:00:00;14.4
410005;17-10-2015 22:00:00;13.6
410005;17-10-2015 23:00:00;11.1
410005;18-10-2015 00:00:00;8.7
410005;18-10-2015 01:00:00;7.8
410005;18-10-2015 02:00:00;7.6
410005;18-10-2015 03:00:00;6.5
410005;18-10-2015 04:00:00;5.9
410005;18-10-2015 05:00:00;5.4
410005;18-10-2015 06:00:00;5.0
410005;18-10-2015 07:00:00;5.4
410005;18-10-2015 08:00:00;5.6
410005;18-10-2015 09:00:00;5.6
410005;18-10-2015 10:00:00;6.2
410005;18-10-2015 11:00:00;8.2
410005;18-10-2015 12:00:00;8.9
410005;18-10-2015 13:00:00;9.4
410005;18-10-2015 14:00:00;10.4
410005;18-10-2015 15:00:00;11.2
410005;18-10-2015 16:00:00;12.9
410005;18-10-2015 17:00:00;14.0
410005;18-10-2015 18:00:00;14.5
410005;18-10-2015 19:00:00;14.6
410005;18-10-2015 20:00:00;14.7
410005;18-10-2015 21:00:00;14.4
410005;18-10-2015 22:00:00;13.4
410005;18-10-2015 23:00:00;11.5
410005;19-10-2015 00:00:00;10.0
410005;19-10-2015 01:00:00;8.1
410005;19-10-2015 02:00:00;7.6
410005;19-10-2015 03:00:00;7.0
410005;19-10-2015 04:00:00;6.6
410005;19-10-2015 05:00:00;6.7
410005;19-10-2015 06:00:00;6.5
410005;19-10-2015 07:00:00;6.6
410005;19-10-2015 08:00:00;7.0
410005;19-10-2015 09:00:00;7.5
410005;19-10-2015 10:00:00;7.9
410005;19-10-2015 11:00:00;8.2
410005;19-10-2015 12:00:00;9.0
410005;19-10-2015 13:00:00;10.3
410005;19-10-2015 14:00:00;10.8
410005;19-10-2015 15:00:00;13.1
410005;19-10-2015 16:00:00;13.5
410005;19-10-2015 17:00:00;13.6
410005;19-10-2015 18:00:00;14.2
410005;19-10-2015 19:00:00;14.8
410005;19-10-2015 20:00:00;13.0
410005;19-10-2015 21:00:00;13.3
410005;19-10-2015 22:00:00;12.7
410005;19-10-2015 23:00:00;10.6
410005;20-10-2015 00:00:00;9.4
410005;20-10-2015 01:00:00;9.0
410005;20-10-2015 02:00:00;8.6
410005;20-10-2015 03:00:00;8.6
410005;20-10-2015 04:00:00;8.7
410005;20-10-2015 05:00:00;8.6
410005;20-10-2015 06:00:00;8.5
410005;20-10-2015 07:00:00;8.3
410005;20-10-2015 08:00:00;8.1
410005;20-10-2015 09:00:00;8.0
410005;20-10-2015 10:00:00;7.9
410005;20-10-2015 11:00:00;8.0
410005;20-10-2015 12:00:00;9.1
410005;20-10-2015 13:00:00;10.4
410005;20-10-2015 14:00:00;10.6
410005;20-10-2015 15:00:00;10.3
410005;20-10-2015 16:00:00;12.0
410005;20-10-2015 17:00:00;13.4
410005;20-10-2015 18:00:00;13.4
410005;20-10-2015 19:00:00;14.0
410005;20-10-2015 20:00:00;13.8
410005;20-10-2015 21:00:00;13.0
410005;20-10-2015 22:00:00;11.9
410005;20-10-2015 23:00:00;11.2
410005;21-10-2015 00:00:00;10.3
410005;21-10-2015 01:00:00;9.7
410005;21-10-2015 02:00:00;9.5
410005;21-10-2015 03:00:00;9.3
410005;21-10-2015 04:00:00;8.8
410005;21-10-2015 05:00:00;8.8
410005;21-10-2015 06:00:00;8.7
410005;21-10-2015 07:00:00;8.4
410005;21-10-2015 08:00:00;8.1
410005;21-10-2015 09:00:00;8.2
410005;21-10-2015 10:00:00;8.2
410005;21-10-2015 11:00:00;8.1
410005;21-10-2015 12:00:00;8.3
410005;21-10-2015 13:00:00;8.9
410005;21-10-2015 14:00:00;9.5
410005;21-10-2015 15:00:00;10.7
410005;21-10-2015 16:00:00;11.2
410005;21-10-2015 17:00:00;10.6
410005;21-10-2015 18:00:00;8.5
410005;21-10-2015 19:00:00;9.1
410005;21-10-2015 20:00:00;8.4
410005;21-10-2015 21:00:00;8.2
410005;21-10-2015 22:00:00;8.5
410005;21-10-2015 23:00:00;8.6
410005;22-10-2015 00:00:00;7.5
410005;22-10-2015 01:00:00;6.3
410005;22-10-2015 02:00:00;4.7
410005;22-10-2015 03:00:00;3.4
410005;22-10-2015 04:00:00;2.2
410005;22-10-2015 05:00:00;1.6
410005;22-10-2015 06:00:00;0.7
410005;22-10-2015 07:00:00;0.4
410005;22-10-2015 08:00:00;0.0
410005;22-10-2015 09:00:00;-0.1
410005;22-10-2015 10:00:00;-0.4
410005;22-10-2015 11:00:00;1.2
410005;22-10-2015 12:00:00;4.6
410005;22-10-2015 13:00:00;9.5
410005;22-10-2015 14:00:00;11.2
410005;22-10-2015 15:00:00;12.6
410005;22-10-2015 16:00:00;13.9
410005;22-10-2015 17:00:00;15.0
410005;22-10-2015 18:00:00;14.9
410005;22-10-2015 19:00:00;15.1
410005;22-10-2015 20:00:00;14.7
410005;22-10-2015 21:00:00;14.4
410005;22-10-2015 22:00:00;13.3
410005;22-10-2015 23:00:00;11.9
410005;23-10-2015 00:00:00;9.7
410005;23-10-2015 01:00:00;8.5
410005;23-10-2015 02:00:00;8.9
410005;23-10-2015 03:00:00;8.8
410005;23-10-2015 04:00:00;7.4
410005;23-10-2015 05:00:00;4.4
410005;23-10-2015 06:00:00;2.8
410005;23-10-2015 07:00:00;1.9
410005;23-10-2015 08:00:00;1.2
410005;23-10-2015 09:00:00;1.2
410005;23-10-2015 10:00:00;0.8
410005;23-10-2015 11:00:00;3.0
410005;23-10-2015 12:00:00;7.5
410005;23-10-2015 13:00:00;12.8
410005;23-10-2015 14:00:00;15.7
410005;23-10-2015 15:00:00;18.1
410005;23-10-2015 16:00:00;19.6
410005;23-10-2015 17:00:00;19.7
410005;23-10-2015 18:00:00;20.8
410005;23-10-2015 19:00:00;21.3
410005;23-10-2015 20:00:00;21.3
410005;23-10-2015 21:00:00;21.8
410005;23-10-2015 22:00:00;20.8
410005;23-10-2015 23:00:00;19.2
410005;24-10-2015 00:00:00;16.5
410005;24-10-2015 01:00:00;13.0
410005;24-10-2015 02:00:00;12.1
410005;24-10-2015 03:00:00;13.2
410005;24-10-2015 04:00:00;14.7
410005;24-10-2015 05:00:00;14.7
410005;24-10-2015 06:00:00;13.4
410005;24-10-2015 07:00:00;12.9
410005;24-10-2015 08:00:00;12.6
410005;24-10-2015 09:00:00;11.0
410005;24-10-2015 10:00:00;10.1
410005;24-10-2015 11:00:00;10.4
410005;24-10-2015 12:00:00;11.6
410005;24-10-2015 13:00:00;11.9
410005;24-10-2015 14:00:00;11.7
410005;24-10-2015 15:00:00;14.0
410005;24-10-2015 16:00:00;14.8
410005;24-10-2015 17:00:00;16.5
410005;24-10-2015 18:00:00;17.7
410005;24-10-2015 19:00:00;17.8
410005;24-10-2015 20:00:00;17.0
410005;24-10-2015 21:00:00;15.9
410005;24-10-2015 22:00:00;14.3
410005;24-10-2015 23:00:00;13.2
410005;25-10-2015 00:00:00;12.5
410005;25-10-2015 01:00:00;11.6
410005;25-10-2015 02:00:00;11.6
410005;25-10-2015 03:00:00;12.3
410005;25-10-2015 04:00:00;12.5
410005;25-10-2015 05:00:00;11.7
410005;25-10-2015 06:00:00;11.6
410005;25-10-2015 07:00:00;11.0
410005;25-10-2015 08:00:00;10.7
410005;25-10-2015 09:00:00;10.5
410005;25-10-2015 10:00:00;10.2
410005;25-10-2015 11:00:00;10.8
410005;25-10-2015 12:00:00;12.6
410005;25-10-2015 13:00:00;14.3
410005;25-10-2015 14:00:00;14.8
410005;25-10-2015 15:00:00;15.8
410005;25-10-2015 16:00:00;17.0
410005;25-10-2015 17:00:00;18.2
410005;25-10-2015 18:00:00;16.5
410005;25-10-2015 19:00:00;13.5
410005;25-10-2015 20:00:00;14.4
410005;25-10-2015 21:00:00;14.6
410005;25-10-2015 22:00:00;13.4
410005;25-10-2015 23:00:00;13.3
410005;26-10-2015 00:00:00;13.0
410005;26-10-2015 01:00:00;11.8
410005;26-10-2015 02:00:00;10.5
410005;26-10-2015 03:00:00;9.8
410005;26-10-2015 04:00:00;9.2
410005;26-10-2015 05:00:00;9.0
410005;26-10-2015 06:00:00;8.9
410005;26-10-2015 07:00:00;8.9
410005;26-10-2015 08:00:00;8.9
410005;26-10-2015 09:00:00;8.6
410005;26-10-2015 10:00:00;8.5
410005;26-10-2015 11:00:00;8.7
410005;26-10-2015 12:00:00;9.7
410005;26-10-2015 13:00:00;10.8
410005;26-10-2015 14:00:00;11.5
410005;26-10-2015 15:00:00;11.3
410005;26-10-2015 16:00:00;11.9
410005;26-10-2015 17:00:00;12.6
410005;26-10-2015 18:00:00;13.6
410005;26-10-2015 19:00:00;14.3
410005;26-10-2015 20:00:00;13.8
410005;26-10-2015 21:00:00;13.5
410005;26-10-2015 22:00:00;13.0
410005;26-10-2015 23:00:00;12.4
410005;27-10-2015 00:00:00;10.7
410005;27-10-2015 01:00:00;9.2
410005;27-10-2015 02:00:00;7.6
410005;27-10-2015 03:00:00;6.2
410005;27-10-2015 04:00:00;5.2
410005;27-10-2015 05:00:00;4.0
410005;27-10-2015 06:00:00;3.2
410005;27-10-2015 07:00:00;3.1
410005;27-10-2015 08:00:00;2.7
410005;27-10-2015 09:00:00;1.5
410005;27-10-2015 10:00:00;1.6
410005;27-10-2015 11:00:00;3.3
410005;27-10-2015 12:00:00;7.1
410005;27-10-2015 13:00:00;11.2
410005;27-10-2015 14:00:00;13.7
410005;27-10-2015 15:00:00;14.8
410005;27-10-2015 16:00:00;16.2
410005;27-10-2015 17:00:00;17.0
410005;27-10-2015 18:00:00;16.9
410005;27-10-2015 19:00:00;16.7
410005;27-10-2015 20:00:00;16.0
410005;27-10-2015 21:00:00;15.3
410005;27-10-2015 22:00:00;14.7
410005;27-10-2015 23:00:00;13.9
410005;28-10-2015 00:00:00;12.5
410005;28-10-2015 01:00:00;11.4
410005;28-10-2015 02:00:00;11.1
410005;28-10-2015 03:00:00;11.0
410005;28-10-2015 04:00:00;10.7
410005;28-10-2015 05:00:00;9.2
410005;28-10-2015 06:00:00;8.4
410005;28-10-2015 07:00:00;8.5
410005;28-10-2015 08:00:00;8.6
410005;28-10-2015 09:00:00;9.1
410005;28-10-2015 10:00:00;9.3
410005;28-10-2015 11:00:00;9.5
410005;28-10-2015 12:00:00;9.9
410005;28-10-2015 13:00:00;10.2
410005;28-10-2015 14:00:00;10.0
410005;28-10-2015 15:00:00;10.9
410005;28-10-2015 16:00:00;12.2
410005;28-10-2015 17:00:00;14.3
410005;28-10-2015 18:00:00;12.5
410005;28-10-2015 19:00:00;13.4
410005;28-10-2015 20:00:00;14.0
410005;28-10-2015 21:00:00;13.7
410005;28-10-2015 22:00:00;12.8
410005;28-10-2015 23:00:00;9.4
410005;29-10-2015 00:00:00;8.5
410005;29-10-2015 01:00:00;7.4
410005;29-10-2015 02:00:00;7.8
410005;29-10-2015 03:00:00;7.5
410005;29-10-2015 04:00:00;6.8
410005;29-10-2015 05:00:00;6.2
410005;29-10-2015 06:00:00;5.3
410005;29-10-2015 07:00:00;4.7
410005;29-10-2015 08:00:00;3.6
410005;29-10-2015 09:00:00;3.8
410005;29-10-2015 10:00:00;2.8
410005;29-10-2015 11:00:00;5.0
410005;29-10-2015 12:00:00;6.8
410005;29-10-2015 13:00:00;10.8
410005;29-10-2015 14:00:00;11.8
410005;29-10-2015 15:00:00;10.7
410005;29-10-2015 16:00:00;11.9
410005;29-10-2015 17:00:00;12.2
410005;29-10-2015 18:00:00;13.5
410005;29-10-2015 19:00:00;13.4
410005;29-10-2015 20:00:00;12.6
410005;29-10-2015 21:00:00;11.9
410005;29-10-2015 22:00:00;10.6
410005;29-10-2015 23:00:00;10.2
410005;30-10-2015 00:00:00;8.2
410005;30-10-2015 01:00:00;7.0
410005;30-10-2015 02:00:00;7.0
410005;30-10-2015 03:00:00;6.7
410005;30-10-2015 04:00:00;6.6
410005;30-10-2015 05:00:00;6.8
410005;30-10-2015 06:00:00;6.1
410005;30-10-2015 07:00:00;4.4
410005;30-10-2015 08:00:00;4.3
410005;30-10-2015 09:00:00;3.6
410005;30-10-2015 10:00:00;3.0
410005;30-10-2015 11:00:00;5.9
410005;30-10-2015 12:00:00;7.7
410005;30-10-2015 13:00:00;9.9
410005;30-10-2015 14:00:00;10.2
410005;30-10-2015 15:00:00;10.7
410005;30-10-2015 16:00:00;11.1
410005;30-10-2015 17:00:00;10.5
410005;30-10-2015 18:00:00;11.4
410005;30-10-2015 19:00:00;9.4
410005;30-10-2015 20:00:00;11.5
410005;30-10-2015 21:00:00;11.3
410005;30-10-2015 22:00:00;11.1
410005;30-10-2015 23:00:00;10.7
410005;31-10-2015 00:00:00;9.0
410005;31-10-2015 01:00:00;8.1
410005;31-10-2015 02:00:00;7.2
410005;31-10-2015 03:00:00;6.7
410005;31-10-2015 04:00:00;5.4
410005;31-10-2015 05:00:00;5.6
410005;31-10-2015 06:00:00;6.8
410005;31-10-2015 07:00:00;6.5
410005;31-10-2015 08:00:00;6.1
410005;31-10-2015 09:00:00;5.8
410005;31-10-2015 10:00:00;5.4
410005;31-10-2015 11:00:00;6.2
410005;31-10-2015 12:00:00;8.3
410005;31-10-2015 13:00:00;11.3
410005;31-10-2015 14:00:00;11.8
410005;31-10-2015 15:00:00;11.5
410005;31-10-2015 16:00:00;13.1
410005;31-10-2015 17:00:00;11.9
410005;31-10-2015 18:00:00;13.1
410005;31-10-2015 19:00:00;13.3
410005;31-10-2015 20:00:00;13.5
410005;31-10-2015 21:00:00;12.5
410005;31-10-2015 22:00:00;11.9
410005;31-10-2015 23:00:00;10.8
410005;01-11-2015 00:00:00;9.1
410005;01-11-2015 01:00:00;8.4
410005;01-11-2015 02:00:00;7.3
410005;01-11-2015 03:00:00;6.7
410005;01-11-2015 04:00:00;6.1
410005;01-11-2015 05:00:00;6.3
410005;01-11-2015 06:00:00;6.4
410005;01-11-2015 07:00:00;6.0
410005;01-11-2015 08:00:00;6.0
410005;01-11-2015 09:00:00;5.1
410005;01-11-2015 10:00:00;5.2
410005;01-11-2015 11:00:00;6.1
410005;01-11-2015 12:00:00;7.4
410005;01-11-2015 13:00:00;10.6
410005;01-11-2015 14:00:00;11.9
410005;01-11-2015 15:00:00;13.4
410005;01-11-2015 16:00:00;13.6
410005;01-11-2015 17:00:00;14.5
410005;01-11-2015 18:00:00;14.8
410005;01-11-2015 19:00:00;14.8
410005;01-11-2015 20:00:00;14.3
410005;01-11-2015 21:00:00;14.0
410005;01-11-2015 22:00:00;13.8
410005;01-11-2015 23:00:00;12.6
410005;02-11-2015 00:00:00;10.1
410005;02-11-2015 01:00:00;9.0
410005;02-11-2015 02:00:00;8.6
410005;02-11-2015 03:00:00;8.5
410005;02-11-2015 04:00:00;8.5
410005;02-11-2015 05:00:00;6.7
410005;02-11-2015 06:00:00;6.3
410005;02-11-2015 07:00:00;6.3
410005;02-11-2015 08:00:00;6.3
410005;02-11-2015 09:00:00;8.5
410005;02-11-2015 10:00:00;8.4
410005;02-11-2015 11:00:00;8.8
410005;02-11-2015 12:00:00;9.3
410005;02-11-2015 13:00:00;10.0
410005;02-11-2015 14:00:00;10.9
410005;02-11-2015 15:00:00;12.1
410005;02-11-2015 16:00:00;13.9
410005;02-11-2015 17:00:00;14.7
410005;02-11-2015 18:00:00;15.0
410005;02-11-2015 19:00:00;14.7
410005;02-11-2015 20:00:00;15.5
410005;02-11-2015 21:00:00;14.2
410005;02-11-2015 22:00:00;13.7
410005;02-11-2015 23:00:00;12.5
410005;03-11-2015 00:00:00;10.8
410005;03-11-2015 01:00:00;9.4
410005;03-11-2015 02:00:00;8.6
410005;03-11-2015 03:00:00;8.3
410005;03-11-2015 04:00:00;7.9
410005;03-11-2015 05:00:00;5.7
410005;03-11-2015 06:00:00;4.7
410005;03-11-2015 07:00:00;6.4
410005;03-11-2015 08:00:00;6.4
410005;03-11-2015 09:00:00;6.8
410005;03-11-2015 10:00:00;7.1
410005;03-11-2015 11:00:00;7.7
410005;03-11-2015 12:00:00;9.8
410005;03-11-2015 13:00:00;12.1
410005;03-11-2015 14:00:00;13.8
410005;03-11-2015 15:00:00;15.3
410005;03-11-2015 16:00:00;16.7
410005;03-11-2015 17:00:00;17.3
410005;03-11-2015 18:00:00;17.8
410005;03-11-2015 19:00:00;17.8
410005;03-11-2015 20:00:00;17.9
410005;03-11-2015 21:00:00;17.9
410005;03-11-2015 22:00:00;17.0
410005;03-11-2015 23:00:00;14.9
410005;04-11-2015 00:00:00;11.9
410005;04-11-2015 01:00:00;10.7
410005;04-11-2015 02:00:00;10.2
410005;04-11-2015 03:00:00;11.0
410005;04-11-2015 04:00:00;10.3
410005;04-11-2015 05:00:00;10.6
410005;04-11-2015 06:00:00;6.6
410005;04-11-2015 07:00:00;5.1
410005;04-11-2015 08:00:00;8.4
410005;04-11-2015 09:00:00;4.8
410005;04-11-2015 10:00:00;4.4
410005;04-11-2015 11:00:00;7.7
410005;04-11-2015 12:00:00;11.4
410005;04-11-2015 13:00:00;14.6
410005;04-11-2015 14:00:00;16.9
410005;04-11-2015 15:00:00;18.6
410005;04-11-2015 16:00:00;20.0
410005;04-11-2015 17:00:00;21.2
410005;04-11-2015 18:00:00;20.4
410005;04-11-2015 19:00:00;20.5
410005;04-11-2015 20:00:00;20.5
410005;04-11-2015 21:00:00;19.5
410005;04-11-2015 22:00:00;18.4
410005;04-11-2015 23:00:00;17.8
410005;05-11-2015 00:00:00;14.9
410005;05-11-2015 01:00:00;13.4
410005;05-11-2015 02:00:00;10.9
410005;05-11-2015 03:00:00;8.6
410005;05-11-2015 04:00:00;7.0
410005;05-11-2015 05:00:00;7.3
410005;05-11-2015 06:00:00;6.0
410005;05-11-2015 07:00:00;8.5
410005;05-11-2015 08:00:00;7.1
410005;05-11-2015 09:00:00;5.6
410005;05-11-2015 10:00:00;5.3
410005;05-11-2015 11:00:00;6.5
410005;05-11-2015 12:00:00;10.2
410005;05-11-2015 13:00:00;13.2
410005;05-11-2015 14:00:00;16.2
410005;05-11-2015 15:00:00;17.4
410005;05-11-2015 16:00:00;18.5
410005;05-11-2015 17:00:00;19.1
410005;05-11-2015 18:00:00;20.2
410005;05-11-2015 19:00:00;20.1
410005;05-11-2015 20:00:00;20.6
410005;05-11-2015 21:00:00;20.2
410005;05-11-2015 22:00:00;18.8
410005;05-11-2015 23:00:00;17.0
410005;06-11-2015 00:00:00;13.9
410005;06-11-2015 01:00:00;13.4
410005;06-11-2015 02:00:00;12.9
410005;06-11-2015 03:00:00;10.9
410005;06-11-2015 04:00:00;10.3
410005;06-11-2015 05:00:00;8.7
410005;06-11-2015 06:00:00;8.2
410005;06-11-2015 07:00:00;7.3
410005;06-11-2015 08:00:00;7.1
410005;06-11-2015 09:00:00;7.6
410005;06-11-2015 10:00:00;7.7
410005;06-11-2015 11:00:00;9.6
410005;06-11-2015 12:00:00;10.5
410005;06-11-2015 13:00:00;11.3
410005;06-11-2015 14:00:00;12.3
410005;06-11-2015 15:00:00;14.4
410005;06-11-2015 16:00:00;16.7
410005;06-11-2015 17:00:00;17.7
410005;06-11-2015 18:00:00;17.9
410005;06-11-2015 19:00:00;18.2
410005;06-11-2015 20:00:00;18.5
410005;06-11-2015 21:00:00;18.7
410005;06-11-2015 22:00:00;17.9
410005;06-11-2015 23:00:00;14.6
410005;07-11-2015 00:00:00;11.0
410005;07-11-2015 01:00:00;10.1
410005;07-11-2015 02:00:00;9.9
410005;07-11-2015 03:00:00;9.8
410005;07-11-2015 04:00:00;9.8
410005;07-11-2015 05:00:00;9.7
410005;07-11-2015 06:00:00;9.6
410005;07-11-2015 07:00:00;9.6
410005;07-11-2015 08:00:00;9.7
410005;07-11-2015 09:00:00;9.5
410005;07-11-2015 10:00:00;9.3
410005;07-11-2015 11:00:00;9.7
410005;07-11-2015 12:00:00;10.3
410005;07-11-2015 13:00:00;10.3
410005;07-11-2015 14:00:00;11.6
410005;07-11-2015 15:00:00;11.9
410005;07-11-2015 16:00:00;12.1
410005;07-11-2015 17:00:00;14.6
410005;07-11-2015 18:00:00;14.9
410005;07-11-2015 19:00:00;14.3
410005;07-11-2015 20:00:00;14.4
410005;07-11-2015 21:00:00;13.3
410005;07-11-2015 22:00:00;12.4
410005;07-11-2015 23:00:00;11.9
410005;08-11-2015 00:00:00;11.4
410005;08-11-2015 01:00:00;10.9
410005;08-11-2015 02:00:00;10.4
410005;08-11-2015 03:00:00;10.3
410005;08-11-2015 04:00:00;10.2
410005;08-11-2015 05:00:00;10.1
410005;08-11-2015 06:00:00;9.8
410005;08-11-2015 07:00:00;9.7
410005;08-11-2015 08:00:00;9.3
410005;08-11-2015 09:00:00;9.8
410005;08-11-2015 10:00:00;9.5
410005;08-11-2015 11:00:00;10.1
410005;08-11-2015 12:00:00;11.2
410005;08-11-2015 13:00:00;11.7
410005;08-11-2015 14:00:00;13.3
410005;08-11-2015 15:00:00;13.9
410005;08-11-2015 16:00:00;15.7
410005;08-11-2015 17:00:00;16.0
410005;08-11-2015 18:00:00;15.3
410005;08-11-2015 19:00:00;12.1
410005;08-11-2015 20:00:00;10.9
410005;08-11-2015 21:00:00;11.2
410005;08-11-2015 22:00:00;11.3
410005;08-11-2015 23:00:00;11.1
410005;09-11-2015 00:00:00;10.8
410005;09-11-2015 01:00:00;10.4
410005;09-11-2015 02:00:00;9.9
410005;09-11-2015 03:00:00;9.5
410005;09-11-2015 04:00:00;9.2
410005;09-11-2015 05:00:00;9.0
410005;09-11-2015 06:00:00;8.8
410005;09-11-2015 07:00:00;9.0
410005;09-11-2015 08:00:00;9.1
410005;09-11-2015 09:00:00;9.1
410005;09-11-2015 10:00:00;9.3
410005;09-11-2015 11:00:00;10.1
410005;09-11-2015 12:00:00;10.9
410005;09-11-2015 13:00:00;13.1
410005;09-11-2015 14:00:00;12.6
410005;09-11-2015 15:00:00;14.0
410005;09-11-2015 16:00:00;14.4
410005;09-11-2015 17:00:00;14.7
410005;09-11-2015 18:00:00;15.9
410005;09-11-2015 19:00:00;16.1
410005;09-11-2015 20:00:00;17.0
410005;09-11-2015 21:00:00;15.5
410005;09-11-2015 22:00:00;13.8
410005;09-11-2015 23:00:00;13.2
410005;10-11-2015 00:00:00;12.4
410005;10-11-2015 01:00:00;11.9
410005;10-11-2015 02:00:00;11.4
410005;10-11-2015 03:00:00;10.5
410005;10-11-2015 04:00:00;9.6
410005;10-11-2015 05:00:00;8.1
410005;10-11-2015 06:00:00;9.1
410005;10-11-2015 07:00:00;9.3
410005;10-11-2015 08:00:00;9.8
410005;10-11-2015 09:00:00;9.3
410005;10-11-2015 10:00:00;9.3
410005;10-11-2015 11:00:00;10.0
410005;10-11-2015 12:00:00;10.5
410005;10-11-2015 13:00:00;11.3
410005;10-11-2015 14:00:00;11.7
410005;10-11-2015 15:00:00;12.9
410005;10-11-2015 16:00:00;13.2
410005;10-11-2015 17:00:00;15.4
410005;10-11-2015 18:00:00;15.5
410005;10-11-2015 19:00:00;15.8
410005;10-11-2015 20:00:00;16.6
410005;10-11-2015 21:00:00;16.3
410005;10-11-2015 22:00:00;15.6
410005;10-11-2015 23:00:00;14.5
410005;11-11-2015 00:00:00;12.4
410005;11-11-2015 01:00:00;11.4
410005;11-11-2015 02:00:00;10.0
410005;11-11-2015 03:00:00;9.1
410005;11-11-2015 04:00:00;9.1
410005;11-11-2015 05:00:00;9.3
410005;11-11-2015 06:00:00;9.1
410005;11-11-2015 07:00:00;9.4
410005;11-11-2015 08:00:00;10.3
410005;11-11-2015 09:00:00;10.1
410005;11-11-2015 10:00:00;10.1
410005;11-11-2015 11:00:00;10.2
410005;11-11-2015 12:00:00;10.5
410005;11-11-2015 13:00:00;10.9
410005;11-11-2015 14:00:00;11.5
410005;11-11-2015 15:00:00;12.4
410005;11-11-2015 16:00:00;13.5
410005;11-11-2015 17:00:00;14.4
410005;11-11-2015 18:00:00;14.8
410005;11-11-2015 19:00:00;16.5
410005;11-11-2015 20:00:00;17.1
410005;11-11-2015 21:00:00;17.2
410005;11-11-2015 22:00:00;16.9
410005;11-11-2015 23:00:00;15.8
410005;12-11-2015 00:00:00;12.2
410005;12-11-2015 01:00:00;10.1
410005;12-11-2015 02:00:00;9.5
410005;12-11-2015 03:00:00;9.6
410005;12-11-2015 04:00:00;9.7
410005;12-11-2015 05:00:00;9.9
410005;12-11-2015 06:00:00;9.9
410005;12-11-2015 07:00:00;10.0
410005;12-11-2015 08:00:00;9.7
410005;12-11-2015 09:00:00;9.8
410005;12-11-2015 10:00:00;9.7
410005;12-11-2015 11:00:00;10.1
410005;12-11-2015 12:00:00;10.8
410005;12-11-2015 13:00:00;11.2
410005;12-11-2015 14:00:00;11.4
410005;12-11-2015 15:00:00;11.7
410005;12-11-2015 16:00:00;12.1
410005;12-11-2015 17:00:00;14.4
410005;12-11-2015 18:00:00;14.8
410005;12-11-2015 19:00:00;14.4
410005;12-11-2015 20:00:00;14.1
410005;12-11-2015 21:00:00;14.6
410005;12-11-2015 22:00:00;13.1
410005;12-11-2015 23:00:00;12.3
410005;13-11-2015 00:00:00;12.1
410005;13-11-2015 01:00:00;11.6
410005;13-11-2015 12:00:00;10.6
410005;13-11-2015 13:00:00;11.3
410005;13-11-2015 14:00:00;12.4
410005;13-11-2015 15:00:00;13.8
410005;13-11-2015 16:00:00;13.4
410005;13-11-2015 17:00:00;14.0
410005;13-11-2015 18:00:00;14.9
410005;13-11-2015 19:00:00;14.8
410005;13-11-2015 20:00:00;13.9
410005;13-11-2015 21:00:00;13.8
410005;13-11-2015 22:00:00;13.8
410005;13-11-2015 23:00:00;13.4
410005;14-11-2015 00:00:00;12.6
410005;14-11-2015 01:00:00;11.6
410005;14-11-2015 02:00:00;10.0
410005;14-11-2015 03:00:00;9.7
410005;14-11-2015 04:00:00;9.8
410005;14-11-2015 05:00:00;9.7
410005;14-11-2015 06:00:00;9.8
410005;14-11-2015 07:00:00;9.8
410005;14-11-2015 08:00:00;9.3
410005;14-11-2015 09:00:00;8.7
410005;14-11-2015 10:00:00;8.9
410005;14-11-2015 11:00:00;9.6
410005;14-11-2015 12:00:00;10.6
410005;14-11-2015 13:00:00;11.5
410005;14-11-2015 14:00:00;13.4
410005;14-11-2015 15:00:00;13.7
410005;14-11-2015 16:00:00;14.9
410005;14-11-2015 17:00:00;14.8
410005;14-11-2015 18:00:00;15.5
410005;14-11-2015 19:00:00;16.9
410005;14-11-2015 20:00:00;16.2
410005;14-11-2015 21:00:00;15.6
410005;14-11-2015 22:00:00;15.3
410005;14-11-2015 23:00:00;13.7
410005;15-11-2015 00:00:00;13.0
410005;15-11-2015 01:00:00;12.1
410005;15-11-2015 02:00:00;11.8
410005;15-11-2015 03:00:00;11.6
410005;15-11-2015 04:00:00;11.0
410005;15-11-2015 05:00:00;11.1
410005;15-11-2015 06:00:00;11.0
410005;15-11-2015 07:00:00;11.0
410005;15-11-2015 08:00:00;11.1
410005;15-11-2015 09:00:00;10.6
410005;15-11-2015 10:00:00;10.6
410005;15-11-2015 11:00:00;10.7
410005;15-11-2015 12:00:00;11.5
410005;15-11-2015 13:00:00;11.5
410005;15-11-2015 14:00:00;12.0
410005;15-11-2015 15:00:00;13.2
410005;15-11-2015 16:00:00;14.9
410005;15-11-2015 17:00:00;14.7
410005;15-11-2015 18:00:00;14.1
410005;15-11-2015 19:00:00;16.4
410005;15-11-2015 20:00:00;17.4
410005;15-11-2015 21:00:00;17.0
410005;15-11-2015 22:00:00;13.9
410005;15-11-2015 23:00:00;12.5
410005;16-11-2015 00:00:00;11.8
410005;16-11-2015 01:00:00;11.3
410005;16-11-2015 02:00:00;11.0
410005;16-11-2015 03:00:00;11.5
410005;16-11-2015 04:00:00;11.1
410005;16-11-2015 05:00:00;11.8
410005;16-11-2015 06:00:00;11.3
410005;16-11-2015 07:00:00;10.6
410005;16-11-2015 08:00:00;10.2
410005;16-11-2015 09:00:00;11.0
410005;16-11-2015 10:00:00;11.2
410005;16-11-2015 11:00:00;12.1
410005;16-11-2015 12:00:00;12.6
410005;16-11-2015 13:00:00;13.0
410005;16-11-2015 14:00:00;13.4
410005;16-11-2015 15:00:00;13.1
410005;16-11-2015 16:00:00;13.5
410005;16-11-2015 17:00:00;14.0
410005;16-11-2015 18:00:00;14.2
410005;16-11-2015 19:00:00;12.9
410005;16-11-2015 20:00:00;9.2
410005;16-11-2015 21:00:00;9.0
410005;16-11-2015 22:00:00;8.5
410005;16-11-2015 23:00:00;8.8
410005;17-11-2015 00:00:00;8.4
410005;17-11-2015 01:00:00;7.9
410005;17-11-2015 02:00:00;6.5
410005;17-11-2015 03:00:00;6.7
410005;17-11-2015 04:00:00;6.0
410005;17-11-2015 05:00:00;5.9
410005;17-11-2015 06:00:00;5.4
410005;17-11-2015 07:00:00;4.9
410005;17-11-2015 08:00:00;4.6
410005;17-11-2015 09:00:00;4.1
410005;17-11-2015 10:00:00;3.9
410005;17-11-2015 11:00:00;6.2
410005;17-11-2015 12:00:00;8.3
410005;17-11-2015 13:00:00;10.0
410005;17-11-2015 14:00:00;8.6
410005;17-11-2015 15:00:00;9.8
410005;17-11-2015 16:00:00;12.3
410005;17-11-2015 17:00:00;11.3
410005;17-11-2015 18:00:00;13.7
410005;17-11-2015 19:00:00;13.0
410005;17-11-2015 20:00:00;12.5
410005;17-11-2015 21:00:00;13.4
410005;17-11-2015 22:00:00;11.5
410005;17-11-2015 23:00:00;8.2
410005;18-11-2015 00:00:00;7.9
410005;18-11-2015 01:00:00;8.6
410005;18-11-2015 02:00:00;7.9
410005;18-11-2015 03:00:00;7.8
410005;18-11-2015 04:00:00;6.8
410005;18-11-2015 05:00:00;7.0
410005;18-11-2015 06:00:00;7.1
410005;18-11-2015 07:00:00;6.7
410005;18-11-2015 08:00:00;6.3
410005;18-11-2015 09:00:00;6.0
410005;18-11-2015 10:00:00;5.8
410005;18-11-2015 11:00:00;5.9
410005;18-11-2015 12:00:00;8.0
410005;18-11-2015 13:00:00;9.3
410005;18-11-2015 14:00:00;10.3
410005;18-11-2015 15:00:00;9.9
410005;18-11-2015 16:00:00;10.8
410005;18-11-2015 17:00:00;12.0
410005;18-11-2015 18:00:00;11.1
410005;18-11-2015 19:00:00;11.9
410005;18-11-2015 20:00:00;10.4
410005;18-11-2015 21:00:00;10.6
410005;18-11-2015 22:00:00;8.9
410005;18-11-2015 23:00:00;9.3
410005;19-11-2015 00:00:00;8.8
410005;19-11-2015 01:00:00;6.3
410005;19-11-2015 02:00:00;5.0
410005;19-11-2015 03:00:00;4.5
410005;19-11-2015 04:00:00;3.1
410005;19-11-2015 05:00:00;1.8
410005;19-11-2015 06:00:00;1.8
410005;19-11-2015 07:00:00;2.3
410005;19-11-2015 08:00:00;4.1
410005;19-11-2015 09:00:00;4.2
410005;19-11-2015 10:00:00;3.6
410005;19-11-2015 11:00:00;5.3
410005;19-11-2015 12:00:00;7.3
410005;19-11-2015 13:00:00;9.3
410005;19-11-2015 14:00:00;8.8
410005;19-11-2015 15:00:00;9.2
410005;19-11-2015 16:00:00;9.8
410005;19-11-2015 17:00:00;9.6
410005;19-11-2015 18:00:00;10.0
410005;19-11-2015 19:00:00;10.4
410005;19-11-2015 20:00:00;10.6
410005;19-11-2015 21:00:00;9.9
410005;19-11-2015 22:00:00;9.6
410005;19-11-2015 23:00:00;9.3
410005;20-11-2015 00:00:00;9.4
410005;20-11-2015 01:00:00;9.5
410005;20-11-2015 02:00:00;9.4
410005;20-11-2015 03:00:00;9.1
410005;20-11-2015 04:00:00;9.3
410005;20-11-2015 05:00:00;9.3
410005;20-11-2015 06:00:00;9.0
410005;20-11-2015 07:00:00;8.8
410005;20-11-2015 08:00:00;8.6
410005;20-11-2015 09:00:00;8.5
410005;20-11-2015 10:00:00;8.4
410005;20-11-2015 11:00:00;8.5
410005;20-11-2015 12:00:00;8.9
410005;20-11-2015 13:00:00;9.5
410005;20-11-2015 14:00:00;10.4
410005;20-11-2015 15:00:00;10.8
410005;20-11-2015 16:00:00;12.4
410005;20-11-2015 17:00:00;12.1
410005;20-11-2015 18:00:00;12.4
410005;20-11-2015 19:00:00;12.6
410005;20-11-2015 20:00:00;12.4
410005;20-11-2015 21:00:00;12.3
410005;20-11-2015 22:00:00;12.2
410005;20-11-2015 23:00:00;11.7
410005;21-11-2015 00:00:00;11.2
410005;21-11-2015 01:00:00;11.1
410005;21-11-2015 02:00:00;10.5
410005;21-11-2015 03:00:00;10.1
410005;21-11-2015 04:00:00;9.4
410005;21-11-2015 05:00:00;8.6
410005;21-11-2015 06:00:00;7.9
410005;21-11-2015 07:00:00;7.5
410005;21-11-2015 08:00:00;6.5
410005;21-11-2015 09:00:00;6.5
410005;21-11-2015 10:00:00;6.4
410005;21-11-2015 11:00:00;7.4
410005;21-11-2015 12:00:00;9.4
410005;21-11-2015 13:00:00;9.7
410005;21-11-2015 14:00:00;10.2
410005;21-11-2015 15:00:00;11.6
410005;21-11-2015 16:00:00;12.5
410005;21-11-2015 17:00:00;13.7
410005;21-11-2015 18:00:00;13.5
410005;21-11-2015 19:00:00;13.9
410005;21-11-2015 20:00:00;13.8
410005;21-11-2015 21:00:00;14.4
410005;21-11-2015 22:00:00;13.0
410005;21-11-2015 23:00:00;12.1
410005;22-11-2015 00:00:00;10.5
410005;22-11-2015 01:00:00;8.3
410005;22-11-2015 02:00:00;8.9
410005;22-11-2015 03:00:00;7.8
410005;22-11-2015 04:00:00;6.9
410005;22-11-2015 05:00:00;6.0
410005;22-11-2015 06:00:00;5.3
410005;22-11-2015 07:00:00;5.0
410005;22-11-2015 08:00:00;5.5
410005;22-11-2015 09:00:00;6.2
410005;22-11-2015 10:00:00;6.3
410005;22-11-2015 11:00:00;7.0
410005;22-11-2015 12:00:00;8.2
410005;22-11-2015 13:00:00;10.9
410005;22-11-2015 14:00:00;12.0
410005;22-11-2015 15:00:00;13.4
410005;22-11-2015 16:00:00;15.6
410005;22-11-2015 17:00:00;15.1
410005;22-11-2015 18:00:00;15.9
410005;22-11-2015 19:00:00;14.6
410005;22-11-2015 20:00:00;13.4
410005;22-11-2015 21:00:00;13.6
410005;22-11-2015 22:00:00;12.8
410005;22-11-2015 23:00:00;12.7
410005;23-11-2015 00:00:00;11.9
410005;23-11-2015 01:00:00;11.1
410005;23-11-2015 02:00:00;10.0
410005;23-11-2015 03:00:00;9.1
410005;23-11-2015 04:00:00;9.0
410005;23-11-2015 05:00:00;9.2
410005;23-11-2015 06:00:00;9.0
410005;23-11-2015 07:00:00;8.6
410005;23-11-2015 08:00:00;8.0
410005;23-11-2015 09:00:00;8.4
410005;23-11-2015 10:00:00;8.0
410005;23-11-2015 11:00:00;8.8
410005;23-11-2015 12:00:00;11.3
410005;23-11-2015 13:00:00;13.6
410005;23-11-2015 14:00:00;14.9
410005;23-11-2015 15:00:00;15.3
410005;23-11-2015 16:00:00;16.6
410005;23-11-2015 17:00:00;17.4
410005;23-11-2015 18:00:00;15.2
410005;23-11-2015 19:00:00;15.0
410005;23-11-2015 20:00:00;15.8
410005;23-11-2015 21:00:00;15.7
410005;23-11-2015 22:00:00;13.4
410005;23-11-2015 23:00:00;13.7
410005;24-11-2015 00:00:00;12.9
410005;24-11-2015 01:00:00;11.6
410005;24-11-2015 02:00:00;11.1
410005;24-11-2015 03:00:00;11.0
410005;24-11-2015 04:00:00;10.8
410005;24-11-2015 05:00:00;10.5
410005;24-11-2015 06:00:00;9.8
410005;24-11-2015 07:00:00;9.8
410005;24-11-2015 08:00:00;10.1
410005;24-11-2015 09:00:00;9.7
410005;24-11-2015 10:00:00;10.0
410005;24-11-2015 11:00:00;11.1
410005;24-11-2015 12:00:00;12.8
410005;24-11-2015 13:00:00;14.6
410005;24-11-2015 14:00:00;16.0
410005;24-11-2015 15:00:00;16.1
410005;24-11-2015 16:00:00;17.9
410005;24-11-2015 17:00:00;17.3
410005;24-11-2015 18:00:00;17.2
410005;24-11-2015 19:00:00;17.9
410005;24-11-2015 20:00:00;14.0
410005;24-11-2015 21:00:00;12.7
410005;24-11-2015 22:00:00;11.8
410005;24-11-2015 23:00:00;11.7
410005;25-11-2015 00:00:00;11.6
410005;25-11-2015 01:00:00;11.0
410005;25-11-2015 02:00:00;10.6
410005;25-11-2015 03:00:00;10.8
410005;25-11-2015 04:00:00;11.6
410005;25-11-2015 05:00:00;11.5
410005;25-11-2015 06:00:00;10.3
410005;25-11-2015 07:00:00;10.7
410005;25-11-2015 08:00:00;10.0
410005;25-11-2015 09:00:00;10.0
410005;25-11-2015 10:00:00;10.2
410005;25-11-2015 11:00:00;10.6
410005;25-11-2015 12:00:00;10.5
410005;25-11-2015 13:00:00;11.6
410005;25-11-2015 14:00:00;12.1
410005;25-11-2015 15:00:00;13.3
410005;25-11-2015 16:00:00;13.6
410005;25-11-2015 17:00:00;11.8
410005;25-11-2015 18:00:00;12.9
410005;25-11-2015 19:00:00;12.4
410005;25-11-2015 20:00:00;12.4
410005;25-11-2015 21:00:00;12.1
410005;25-11-2015 22:00:00;12.0
410005;25-11-2015 23:00:00;12.1
410005;26-11-2015 00:00:00;11.9
410005;26-11-2015 01:00:00;12.2
410005;26-11-2015 02:00:00;12.1
410005;26-11-2015 03:00:00;12.1
410005;26-11-2015 04:00:00;12.1
410005;26-11-2015 05:00:00;11.7
410005;26-11-2015 06:00:00;10.9
410005;26-11-2015 07:00:00;10.7
410005;26-11-2015 08:00:00;10.7
410005;26-11-2015 09:00:00;10.7
410005;26-11-2015 10:00:00;10.5
410005;26-11-2015 11:00:00;10.9
410005;26-11-2015 12:00:00;11.8
410005;26-11-2015 13:00:00;12.8
410005;26-11-2015 14:00:00;13.5
410005;26-11-2015 15:00:00;13.4
410005;26-11-2015 16:00:00;14.7
410005;26-11-2015 17:00:00;14.2
410005;26-11-2015 18:00:00;13.8
410005;26-11-2015 19:00:00;12.4
410005;26-11-2015 20:00:00;12.7
410005;26-11-2015 21:00:00;13.2
410005;26-11-2015 22:00:00;13.0
410005;26-11-2015 23:00:00;12.1
410005;27-11-2015 00:00:00;11.4
410005;27-11-2015 01:00:00;10.5
410005;27-11-2015 02:00:00;10.0
410005;27-11-2015 03:00:00;9.5
410005;27-11-2015 04:00:00;9.2
410005;27-11-2015 05:00:00;8.8
410005;27-11-2015 06:00:00;8.8
410005;27-11-2015 07:00:00;8.6
410005;27-11-2015 08:00:00;8.5
410005;27-11-2015 09:00:00;7.8
410005;27-11-2015 10:00:00;6.9
410005;27-11-2015 11:00:00;8.8
410005;27-11-2015 12:00:00;9.3
410005;27-11-2015 13:00:00;10.1
410005;27-11-2015 14:00:00;13.0
410005;27-11-2015 15:00:00;14.0
410005;27-11-2015 16:00:00;14.6
410005;27-11-2015 17:00:00;13.5
410005;27-11-2015 18:00:00;14.8
410005;27-11-2015 19:00:00;14.9
410005;27-11-2015 20:00:00;14.5
410005;27-11-2015 21:00:00;14.7
410005;27-11-2015 22:00:00;15.0
410005;27-11-2015 23:00:00;14.7
410005;28-11-2015 00:00:00;13.1
410005;28-11-2015 01:00:00;10.6
410005;28-11-2015 02:00:00;10.0
410005;28-11-2015 03:00:00;7.3
410005;28-11-2015 04:00:00;6.7
410005;28-11-2015 05:00:00;5.8
410005;28-11-2015 06:00:00;6.6
410005;28-11-2015 07:00:00;7.6
410005;28-11-2015 08:00:00;8.4
410005;28-11-2015 09:00:00;8.4
410005;28-11-2015 10:00:00;9.7
410005;28-11-2015 11:00:00;10.6
410005;28-11-2015 12:00:00;11.5
410005;28-11-2015 13:00:00;14.0
410005;28-11-2015 14:00:00;13.6
410005;28-11-2015 15:00:00;14.9
410005;28-11-2015 16:00:00;15.9
410005;28-11-2015 17:00:00;17.0
410005;28-11-2015 18:00:00;17.7
410005;28-11-2015 19:00:00;16.9
410005;28-11-2015 20:00:00;18.0
410005;28-11-2015 21:00:00;17.8
410005;28-11-2015 22:00:00;16.8
410005;28-11-2015 23:00:00;15.3
410005;29-11-2015 00:00:00;13.4
410005;29-11-2015 01:00:00;11.6
410005;29-11-2015 02:00:00;11.2
410005;29-11-2015 03:00:00;10.6
410005;29-11-2015 04:00:00;10.1
410005;29-11-2015 05:00:00;10.6
410005;29-11-2015 06:00:00;11.1
410005;29-11-2015 07:00:00;10.6
410005;29-11-2015 08:00:00;10.8
410005;29-11-2015 09:00:00;11.0
410005;29-11-2015 10:00:00;11.3
410005;29-11-2015 11:00:00;11.5
410005;29-11-2015 12:00:00;11.9
410005;29-11-2015 13:00:00;13.3
410005;29-11-2015 14:00:00;14.5
410005;29-11-2015 15:00:00;16.1
410005;29-11-2015 16:00:00;17.3
410005;29-11-2015 17:00:00;17.8
410005;29-11-2015 18:00:00;18.6
410005;29-11-2015 19:00:00;18.8
410005;29-11-2015 20:00:00;18.5
410005;29-11-2015 21:00:00;18.2
410005;29-11-2015 22:00:00;17.6
410005;29-11-2015 23:00:00;16.8
410005;30-11-2015 00:00:00;14.4
410005;30-11-2015 01:00:00;13.4
410005;30-11-2015 02:00:00;12.1
410005;30-11-2015 03:00:00;11.9
410005;30-11-2015 04:00:00;11.2
410005;30-11-2015 05:00:00;10.5
410005;30-11-2015 06:00:00;10.4
410005;30-11-2015 07:00:00;9.0
410005;30-11-2015 08:00:00;7.9
410005;30-11-2015 09:00:00;7.5
410005;30-11-2015 10:00:00;7.6
410005;30-11-2015 11:00:00;8.7
410005;30-11-2015 12:00:00;12.0
410005;30-11-2015 13:00:00;13.5
410005;30-11-2015 14:00:00;14.4
410005;30-11-2015 15:00:00;16.0
410005;30-11-2015 16:00:00;16.1
410005;30-11-2015 17:00:00;15.7
410005;30-11-2015 18:00:00;15.5
410005;30-11-2015 19:00:00;16.5
410005;30-11-2015 20:00:00;17.4
410005;30-11-2015 21:00:00;17.6
410005;30-11-2015 22:00:00;18.4
410005;30-11-2015 23:00:00;16.1
410005;01-12-2015 00:00:00;13.9
410005;01-12-2015 01:00:00;12.8
410005;01-12-2015 02:00:00;12.8
410005;01-12-2015 03:00:00;12.5
410005;01-12-2015 04:00:00;12.7
410005;01-12-2015 05:00:00;12.7
410005;01-12-2015 06:00:00;12.1
410005;01-12-2015 07:00:00;11.9
410005;01-12-2015 08:00:00;11.6
410005;01-12-2015 09:00:00;11.0
410005;01-12-2015 10:00:00;10.9
410005;01-12-2015 11:00:00;11.3
410005;01-12-2015 12:00:00;11.7
410005;01-12-2015 13:00:00;12.0
410005;01-12-2015 14:00:00;13.5
410005;01-12-2015 15:00:00;16.1
410005;01-12-2015 16:00:00;19.0
410005;01-12-2015 17:00:00;19.2
410005;01-12-2015 18:00:00;20.4
410005;01-12-2015 19:00:00;20.9
410005;01-12-2015 20:00:00;21.8
410005;01-12-2015 21:00:00;21.8
410005;01-12-2015 22:00:00;21.0
410005;01-12-2015 23:00:00;19.3
410005;02-12-2015 00:00:00;17.0
410005;02-12-2015 01:00:00;15.1
410005;02-12-2015 02:00:00;13.4
410005;02-12-2015 03:00:00;12.1
410005;02-12-2015 04:00:00;11.5
410005;02-12-2015 05:00:00;10.4
410005;02-12-2015 06:00:00;9.9
410005;02-12-2015 07:00:00;9.8
410005;02-12-2015 08:00:00;8.6
410005;02-12-2015 09:00:00;8.1
410005;02-12-2015 10:00:00;8.9
410005;02-12-2015 11:00:00;12.3
410005;02-12-2015 12:00:00;17.3
410005;02-12-2015 13:00:00;20.1
410005;02-12-2015 14:00:00;22.7
410005;02-12-2015 15:00:00;24.8
410005;02-12-2015 16:00:00;25.7
410005;02-12-2015 17:00:00;26.7
410005;02-12-2015 18:00:00;26.9
410005;02-12-2015 19:00:00;27.9
410005;02-12-2015 20:00:00;27.7
410005;02-12-2015 21:00:00;23.4
410005;02-12-2015 22:00:00;19.9
410005;02-12-2015 23:00:00;18.6
410005;03-12-2015 00:00:00;15.9
410005;03-12-2015 01:00:00;14.0
410005;03-12-2015 02:00:00;13.0
410005;03-12-2015 03:00:00;12.4
410005;03-12-2015 04:00:00;11.8
410005;03-12-2015 05:00:00;11.7
410005;03-12-2015 06:00:00;11.7
410005;03-12-2015 07:00:00;11.3
410005;03-12-2015 08:00:00;10.1
410005;03-12-2015 09:00:00;9.1
410005;03-12-2015 10:00:00;9.6
410005;03-12-2015 11:00:00;11.2
410005;03-12-2015 12:00:00;12.6
410005;03-12-2015 13:00:00;13.9
410005;03-12-2015 14:00:00;15.2
410005;03-12-2015 15:00:00;17.0
410005;03-12-2015 16:00:00;18.2
410005;03-12-2015 17:00:00;18.6
410005;03-12-2015 18:00:00;18.7
410005;03-12-2015 19:00:00;19.3
410005;03-12-2015 20:00:00;19.3
410005;03-12-2015 21:00:00;18.0
410005;03-12-2015 22:00:00;17.3
410005;03-12-2015 23:00:00;16.8
410005;04-12-2015 00:00:00;15.8
410005;04-12-2015 01:00:00;14.9
410005;04-12-2015 02:00:00;14.1
410005;04-12-2015 03:00:00;13.4
410005;04-12-2015 04:00:00;13.2
410005;04-12-2015 05:00:00;12.9
410005;04-12-2015 06:00:00;11.7
410005;04-12-2015 07:00:00;12.0
410005;04-12-2015 08:00:00;12.1
410005;04-12-2015 09:00:00;11.7
410005;04-12-2015 10:00:00;11.8
410005;04-12-2015 11:00:00;12.3
410005;04-12-2015 12:00:00;14.3
410005;04-12-2015 13:00:00;15.6
410005;04-12-2015 14:00:00;16.1
410005;04-12-2015 15:00:00;17.5
410005;04-12-2015 16:00:00;17.9
410005;04-12-2015 17:00:00;18.1
410005;04-12-2015 18:00:00;18.9
410005;04-12-2015 19:00:00;19.5
410005;04-12-2015 20:00:00;18.7
410005;04-12-2015 21:00:00;18.4
410005;04-12-2015 22:00:00;17.9
410005;04-12-2015 23:00:00;17.1
410005;05-12-2015 00:00:00;15.4
410005;05-12-2015 01:00:00;12.9
410005;05-12-2015 02:00:00;11.9
410005;05-12-2015 03:00:00;11.3
410005;05-12-2015 04:00:00;9.3
410005;05-12-2015 05:00:00;8.6
410005;05-12-2015 06:00:00;9.4
410005;05-12-2015 07:00:00;9.3
410005;05-12-2015 08:00:00;8.9
410005;05-12-2015 09:00:00;7.8
410005;05-12-2015 10:00:00;7.6
410005;05-12-2015 11:00:00;9.2
410005;05-12-2015 12:00:00;13.2
410005;05-12-2015 13:00:00;16.2
410005;05-12-2015 14:00:00;18.8
410005;05-12-2015 15:00:00;19.8
410005;05-12-2015 16:00:00;22.3
410005;05-12-2015 17:00:00;22.0
410005;05-12-2015 18:00:00;21.9
410005;05-12-2015 19:00:00;21.9
410005;05-12-2015 20:00:00;21.3
410005;05-12-2015 21:00:00;21.7
410005;05-12-2015 22:00:00;20.6
410005;05-12-2015 23:00:00;17.6
410005;06-12-2015 00:00:00;15.6
410005;06-12-2015 01:00:00;13.4
410005;06-12-2015 02:00:00;12.3
410005;06-12-2015 03:00:00;11.9
410005;06-12-2015 04:00:00;11.4
410005;06-12-2015 05:00:00;11.2
410005;06-12-2015 06:00:00;10.8
410005;06-12-2015 07:00:00;10.4
410005;06-12-2015 08:00:00;10.4
410005;06-12-2015 09:00:00;10.8
410005;06-12-2015 10:00:00;11.8
410005;06-12-2015 11:00:00;12.3
410005;06-12-2015 12:00:00;14.0
410005;06-12-2015 13:00:00;15.0
410005;06-12-2015 14:00:00;15.7
410005;06-12-2015 15:00:00;14.6
410005;06-12-2015 16:00:00;13.9
410005;06-12-2015 17:00:00;14.6
410005;06-12-2015 18:00:00;16.2
410005;06-12-2015 19:00:00;17.9
410005;06-12-2015 20:00:00;18.6
410005;06-12-2015 21:00:00;18.2
410005;06-12-2015 22:00:00;17.0
410005;06-12-2015 23:00:00;15.9
410005;07-12-2015 00:00:00;13.9
410005;07-12-2015 01:00:00;12.2
410005;07-12-2015 02:00:00;11.0
410005;07-12-2015 03:00:00;10.1
410005;07-12-2015 04:00:00;10.0
410005;07-12-2015 05:00:00;9.6
410005;07-12-2015 06:00:00;9.6
410005;07-12-2015 07:00:00;8.5
410005;07-12-2015 08:00:00;9.3
410005;07-12-2015 09:00:00;10.0
410005;07-12-2015 10:00:00;10.6
410005;07-12-2015 11:00:00;11.4
410005;07-12-2015 12:00:00;12.0
410005;07-12-2015 13:00:00;12.6
410005;07-12-2015 14:00:00;13.8
410005;07-12-2015 15:00:00;14.2
410005;07-12-2015 16:00:00;15.3
410005;07-12-2015 17:00:00;16.4
410005;07-12-2015 18:00:00;16.4
410005;07-12-2015 19:00:00;15.3
410005;07-12-2015 20:00:00;14.8
410005;07-12-2015 21:00:00;14.1
410005;07-12-2015 22:00:00;14.2
410005;07-12-2015 23:00:00;13.7
410005;08-12-2015 00:00:00;13.1
410005;08-12-2015 01:00:00;12.7
410005;08-12-2015 02:00:00;12.2
410005;08-12-2015 03:00:00;11.7
410005;08-12-2015 04:00:00;11.0
410005;08-12-2015 05:00:00;10.0
410005;08-12-2015 06:00:00;8.8
410005;08-12-2015 07:00:00;9.3
410005;08-12-2015 08:00:00;7.6
410005;08-12-2015 09:00:00;8.6
410005;08-12-2015 10:00:00;9.0
410005;08-12-2015 11:00:00;10.7
410005;08-12-2015 12:00:00;12.2
410005;08-12-2015 13:00:00;12.1
410005;08-12-2015 14:00:00;12.9
410005;08-12-2015 15:00:00;14.0
410005;08-12-2015 16:00:00;14.6
410005;08-12-2015 17:00:00;15.3
410005;08-12-2015 18:00:00;15.7
410005;08-12-2015 19:00:00;15.3
410005;08-12-2015 20:00:00;15.5
410005;08-12-2015 21:00:00;14.7
410005;08-12-2015 22:00:00;14.1
410005;08-12-2015 23:00:00;13.6
410005;09-12-2015 00:00:00;12.8
410005;09-12-2015 01:00:00;10.8
410005;09-12-2015 02:00:00;10.9
410005;09-12-2015 03:00:00;10.2
410005;09-12-2015 04:00:00;10.6
410005;09-12-2015 05:00:00;10.0
410005;09-12-2015 06:00:00;9.5
410005;09-12-2015 07:00:00;9.3
410005;09-12-2015 08:00:00;8.2
410005;09-12-2015 09:00:00;7.8
410005;09-12-2015 10:00:00;8.6
410005;09-12-2015 11:00:00;9.5
410005;09-12-2015 12:00:00;11.2
410005;09-12-2015 13:00:00;12.8
410005;09-12-2015 14:00:00;13.0
410005;09-12-2015 15:00:00;14.2
410005;09-12-2015 16:00:00;14.7
410005;09-12-2015 17:00:00;15.2
410005;09-12-2015 18:00:00;16.0
410005;09-12-2015 19:00:00;16.7
410005;09-12-2015 20:00:00;16.2
410005;09-12-2015 21:00:00;16.4
410005;09-12-2015 22:00:00;16.2
410005;09-12-2015 23:00:00;15.0
410005;10-12-2015 00:00:00;13.2
410005;10-12-2015 01:00:00;11.7
410005;10-12-2015 02:00:00;11.2
410005;10-12-2015 03:00:00;10.9
410005;10-12-2015 04:00:00;11.1
410005;10-12-2015 05:00:00;10.0
410005;10-12-2015 06:00:00;10.2
410005;10-12-2015 07:00:00;9.9
410005;10-12-2015 08:00:00;9.8
410005;10-12-2015 09:00:00;9.9
410005;10-12-2015 10:00:00;10.1
410005;10-12-2015 11:00:00;10.4
410005;10-12-2015 12:00:00;11.2
410005;10-12-2015 13:00:00;13.1
410005;10-12-2015 14:00:00;13.9
410005;10-12-2015 15:00:00;14.8
410005;10-12-2015 16:00:00;14.4
410005;10-12-2015 17:00:00;14.5
410005;10-12-2015 18:00:00;16.1
410005;10-12-2015 19:00:00;16.9
410005;10-12-2015 20:00:00;17.3
410005;10-12-2015 21:00:00;17.1
410005;10-12-2015 22:00:00;15.8
410005;10-12-2015 23:00:00;14.1
410005;11-12-2015 00:00:00;12.7
410005;11-12-2015 01:00:00;11.1
410005;11-12-2015 02:00:00;9.6
410005;11-12-2015 03:00:00;8.2
410005;11-12-2015 04:00:00;7.0
410005;11-12-2015 05:00:00;7.5
410005;11-12-2015 06:00:00;8.3
410005;11-12-2015 07:00:00;8.5
410005;11-12-2015 08:00:00;8.8
410005;11-12-2015 09:00:00;9.1
410005;11-12-2015 10:00:00;9.3
410005;11-12-2015 11:00:00;9.7
410005;11-12-2015 12:00:00;10.4
410005;11-12-2015 13:00:00;11.1
410005;11-12-2015 14:00:00;12.0
410005;11-12-2015 15:00:00;13.6
410005;11-12-2015 16:00:00;13.2
410005;11-12-2015 17:00:00;14.6
410005;11-12-2015 18:00:00;16.2
410005;11-12-2015 19:00:00;14.5
410005;11-12-2015 20:00:00;12.6
410005;11-12-2015 21:00:00;12.2
410005;11-12-2015 22:00:00;13.0
410005;11-12-2015 23:00:00;12.5
410005;12-12-2015 00:00:00;12.4
410005;12-12-2015 01:00:00;12.1
410005;12-12-2015 02:00:00;11.9
410005;12-12-2015 03:00:00;11.9
410005;12-12-2015 04:00:00;11.4
410005;12-12-2015 05:00:00;11.5
410005;12-12-2015 06:00:00;11.3
410005;12-12-2015 07:00:00;11.3
410005;12-12-2015 08:00:00;11.3
410005;12-12-2015 09:00:00;11.5
410005;12-12-2015 10:00:00;11.6
410005;12-12-2015 11:00:00;12.1
410005;12-12-2015 12:00:00;12.4
410005;12-12-2015 13:00:00;13.1
410005;12-12-2015 14:00:00;14.0
410005;12-12-2015 15:00:00;14.4
410005;12-12-2015 16:00:00;14.4
410005;12-12-2015 17:00:00;15.0
410005;12-12-2015 18:00:00;14.7
410005;12-12-2015 19:00:00;14.7
410005;12-12-2015 20:00:00;15.1
410005;12-12-2015 21:00:00;14.9
410005;12-12-2015 22:00:00;14.9
410005;12-12-2015 23:00:00;14.6
410005;13-12-2015 00:00:00;14.4
410005;13-12-2015 01:00:00;13.9
410005;13-12-2015 02:00:00;13.5
410005;13-12-2015 03:00:00;12.8
410005;13-12-2015 04:00:00;12.6
410005;13-12-2015 05:00:00;12.1
410005;13-12-2015 06:00:00;11.8
410005;13-12-2015 07:00:00;11.1
410005;13-12-2015 08:00:00;10.4
410005;13-12-2015 09:00:00;9.8
410005;13-12-2015 10:00:00;9.8
410005;13-12-2015 11:00:00;10.2
410005;13-12-2015 12:00:00;10.9
410005;13-12-2015 13:00:00;10.9
410005;13-12-2015 14:00:00;10.9
410005;13-12-2015 15:00:00;11.0
410005;13-12-2015 16:00:00;11.8
410005;13-12-2015 17:00:00;12.7
410005;13-12-2015 18:00:00;12.8
410005;13-12-2015 19:00:00;12.5
410005;13-12-2015 20:00:00;12.5
410005;13-12-2015 21:00:00;12.5
410005;13-12-2015 22:00:00;11.9
410005;13-12-2015 23:00:00;11.5
410005;14-12-2015 00:00:00;11.0
410005;14-12-2015 01:00:00;10.2
410005;14-12-2015 02:00:00;9.7
410005;14-12-2015 03:00:00;9.3
410005;14-12-2015 04:00:00;9.1
410005;14-12-2015 05:00:00;8.6
410005;14-12-2015 06:00:00;8.6
410005;14-12-2015 07:00:00;7.3
410005;14-12-2015 08:00:00;7.5
410005;14-12-2015 09:00:00;7.1
410005;14-12-2015 10:00:00;6.3
410005;14-12-2015 11:00:00;8.0
410005;14-12-2015 12:00:00;10.8
410005;14-12-2015 13:00:00;12.1
410005;14-12-2015 14:00:00;11.2
410005;14-12-2015 15:00:00;12.5
410005;14-12-2015 16:00:00;12.9
410005;14-12-2015 17:00:00;12.9
410005;14-12-2015 18:00:00;13.4
410005;14-12-2015 19:00:00;13.9
410005;14-12-2015 20:00:00;13.8
410005;14-12-2015 21:00:00;14.2
410005;14-12-2015 22:00:00;14.0
410005;14-12-2015 23:00:00;13.6
410005;15-12-2015 00:00:00;12.0
410005;15-12-2015 01:00:00;9.6
410005;15-12-2015 02:00:00;8.7
410005;15-12-2015 03:00:00;7.3
410005;15-12-2015 04:00:00;5.4
410005;15-12-2015 05:00:00;4.4
410005;15-12-2015 06:00:00;3.2
410005;15-12-2015 07:00:00;2.8
410005;15-12-2015 08:00:00;1.9
410005;15-12-2015 09:00:00;2.1
410005;15-12-2015 10:00:00;2.0
410005;15-12-2015 11:00:00;5.8
410005;15-12-2015 12:00:00;9.6
410005;15-12-2015 13:00:00;12.4
410005;15-12-2015 14:00:00;14.3
410005;15-12-2015 15:00:00;14.4
410005;15-12-2015 16:00:00;16.5
410005;15-12-2015 17:00:00;16.1
410005;15-12-2015 18:00:00;16.4
410005;15-12-2015 19:00:00;16.5
410005;15-12-2015 20:00:00;16.4
410005;15-12-2015 21:00:00;15.6
410005;15-12-2015 22:00:00;15.5
410005;15-12-2015 23:00:00;14.8
410005;16-12-2015 00:00:00;13.6
410005;16-12-2015 01:00:00;12.1
410005;16-12-2015 02:00:00;11.4
410005;16-12-2015 03:00:00;10.8
410005;16-12-2015 04:00:00;10.3
410005;16-12-2015 05:00:00;9.6
410005;16-12-2015 06:00:00;9.1
410005;16-12-2015 07:00:00;8.9
410005;16-12-2015 08:00:00;8.5
410005;16-12-2015 09:00:00;8.2
410005;16-12-2015 10:00:00;8.0
410005;16-12-2015 11:00:00;9.3
410005;16-12-2015 12:00:00;12.6
410005;16-12-2015 13:00:00;13.8
410005;16-12-2015 14:00:00;12.1
410005;16-12-2015 15:00:00;14.0
410005;16-12-2015 16:00:00;13.1
410005;16-12-2015 17:00:00;13.1
410005;16-12-2015 18:00:00;14.1
410005;16-12-2015 19:00:00;14.1
410005;16-12-2015 20:00:00;14.2
410005;16-12-2015 21:00:00;13.7
410005;16-12-2015 22:00:00;13.5
410005;16-12-2015 23:00:00;12.5
410005;17-12-2015 00:00:00;11.3
410005;17-12-2015 01:00:00;9.2
410005;17-12-2015 02:00:00;7.7
410005;17-12-2015 03:00:00;7.2
410005;17-12-2015 04:00:00;6.0
410005;17-12-2015 05:00:00;6.3
410005;17-12-2015 06:00:00;6.2
410005;17-12-2015 07:00:00;5.9
410005;17-12-2015 08:00:00;6.3
410005;17-12-2015 09:00:00;6.2
410005;17-12-2015 10:00:00;6.3
410005;17-12-2015 11:00:00;7.6
410005;17-12-2015 12:00:00;
410005;17-12-2015 19:00:00;
410005;18-12-2015 10:00:00;
410005;18-12-2015 12:00:00;
410005;18-12-2015 14:00:00;
410005;19-12-2015 12:00:00;
410005;20-12-2015 11:00:00;
410005;20-12-2015 12:00:00;12.9
410005;20-12-2015 13:00:00;15.1
410005;20-12-2015 14:00:00;15.3
410005;20-12-2015 15:00:00;17.4
410005;20-12-2015 16:00:00;19.1
410005;20-12-2015 17:00:00;20.3
410005;20-12-2015 18:00:00;20.4
410005;20-12-2015 19:00:00;21.4
410005;20-12-2015 20:00:00;21.1
410005;20-12-2015 21:00:00;18.8
410005;20-12-2015 22:00:00;17.8
410005;20-12-2015 23:00:00;16.4
410005;21-12-2015 00:00:00;14.9
410005;21-12-2015 01:00:00;14.4
410005;21-12-2015 02:00:00;14.1
410005;21-12-2015 03:00:00;13.9
410005;21-12-2015 04:00:00;13.5
410005;21-12-2015 05:00:00;13.1
410005;21-12-2015 06:00:00;12.0
410005;21-12-2015 07:00:00;12.6
410005;21-12-2015 08:00:00;13.0
410005;21-12-2015 09:00:00;12.9
410005;21-12-2015 10:00:00;12.9
410005;21-12-2015 11:00:00;12.9
410005;21-12-2015 12:00:00;13.6
410005;21-12-2015 13:00:00;12.7
410005;21-12-2015 14:00:00;12.3
410005;21-12-2015 15:00:00;12.8
410005;21-12-2015 16:00:00;13.1
410005;21-12-2015 17:00:00;13.3
410005;21-12-2015 18:00:00;14.1
410005;21-12-2015 19:00:00;15.4
410005;21-12-2015 20:00:00;16.0
410005;21-12-2015 21:00:00;14.7
410005;21-12-2015 22:00:00;13.9
410005;21-12-2015 23:00:00;14.0
410005;22-12-2015 00:00:00;12.5
410005;22-12-2015 01:00:00;10.5
410005;22-12-2015 02:00:00;8.3
410005;22-12-2015 03:00:00;8.4
410005;22-12-2015 04:00:00;8.6
410005;22-12-2015 05:00:00;9.1
410005;22-12-2015 06:00:00;8.5
410005;22-12-2015 07:00:00;9.2
410005;22-12-2015 08:00:00;8.4
410005;22-12-2015 09:00:00;7.4
410005;22-12-2015 10:00:00;8.3
410005;22-12-2015 11:00:00;9.3
410005;22-12-2015 12:00:00;10.2
410005;22-12-2015 13:00:00;11.9
410005;22-12-2015 14:00:00;11.4
410005;22-12-2015 15:00:00;11.6
410005;22-12-2015 16:00:00;12.7
410005;22-12-2015 17:00:00;12.5
410005;22-12-2015 18:00:00;11.8
410005;22-12-2015 19:00:00;12.1
410005;22-12-2015 20:00:00;11.7
410005;22-12-2015 21:00:00;10.1
410005;22-12-2015 22:00:00;9.9
410005;22-12-2015 23:00:00;10.2
410005;23-12-2015 00:00:00;9.9
410005;23-12-2015 03:00:00;8.6
410005;23-12-2015 04:00:00;8.6
410005;23-12-2015 05:00:00;8.2
410005;23-12-2015 06:00:00;7.6
410005;23-12-2015 07:00:00;6.8
410005;23-12-2015 08:00:00;6.2
410005;23-12-2015 09:00:00;6.2
410005;23-12-2015 10:00:00;6.4
410005;23-12-2015 11:00:00;7.3
410005;23-12-2015 12:00:00;9.3
410005;23-12-2015 13:00:00;11.1
410005;23-12-2015 14:00:00;11.8
410005;23-12-2015 15:00:00;13.7
410005;23-12-2015 16:00:00;12.0
410005;23-12-2015 17:00:00;13.7
410005;23-12-2015 18:00:00;14.6
410005;23-12-2015 19:00:00;13.8
410005;23-12-2015 20:00:00;14.9
410005;23-12-2015 21:00:00;14.3
410005;23-12-2015 22:00:00;14.0
410005;23-12-2015 23:00:00;14.3
410005;24-12-2015 00:00:00;12.4
410005;24-12-2015 01:00:00;10.7
410005;24-12-2015 02:00:00;10.2
410005;24-12-2015 03:00:00;9.8
410005;24-12-2015 04:00:00;9.9
410005;24-12-2015 05:00:00;9.7
410005;24-12-2015 06:00:00;9.5
410005;24-12-2015 07:00:00;9.8
410005;24-12-2015 08:00:00;9.6
410005;24-12-2015 09:00:00;9.4
410005;24-12-2015 10:00:00;9.1
410005;24-12-2015 11:00:00;10.0
410005;24-12-2015 12:00:00;11.4
410005;24-12-2015 13:00:00;13.0
410005;24-12-2015 14:00:00;13.1
410005;24-12-2015 15:00:00;13.7
410005;24-12-2015 16:00:00;16.0
410005;24-12-2015 17:00:00;16.1
410005;24-12-2015 18:00:00;16.8
410005;24-12-2015 19:00:00;17.1
410005;24-12-2015 20:00:00;18.1
410005;24-12-2015 21:00:00;17.5
410005;24-12-2015 22:00:00;17.3
410005;24-12-2015 23:00:00;16.0
410005;25-12-2015 00:00:00;14.5
410005;25-12-2015 01:00:00;13.1
410005;25-12-2015 02:00:00;11.9
410005;25-12-2015 03:00:00;11.0
410005;25-12-2015 04:00:00;9.7
410005;25-12-2015 05:00:00;8.8
410005;25-12-2015 06:00:00;7.5
410005;25-12-2015 07:00:00;7.3
410005;25-12-2015 08:00:00;6.5
410005;25-12-2015 09:00:00;5.9
410005;25-12-2015 10:00:00;5.8
410005;25-12-2015 11:00:00;8.2
410005;25-12-2015 12:00:00;11.9
410005;25-12-2015 13:00:00;15.6
410005;25-12-2015 14:00:00;16.8
410005;25-12-2015 15:00:00;18.0
410005;25-12-2015 16:00:00;18.7
410005;25-12-2015 17:00:00;19.9
410005;25-12-2015 18:00:00;21.1
410005;25-12-2015 19:00:00;22.3
410005;25-12-2015 20:00:00;19.8
410005;25-12-2015 21:00:00;18.9
410005;25-12-2015 22:00:00;19.1
410005;25-12-2015 23:00:00;17.3
410005;26-12-2015 00:00:00;15.8
410005;26-12-2015 01:00:00;13.5
410005;26-12-2015 02:00:00;12.1
410005;26-12-2015 03:00:00;11.0
410005;26-12-2015 04:00:00;10.7
410005;26-12-2015 05:00:00;10.3
410005;26-12-2015 06:00:00;9.7
410005;26-12-2015 07:00:00;8.8
410005;26-12-2015 08:00:00;8.5
410005;26-12-2015 09:00:00;7.9
410005;26-12-2015 10:00:00;7.4
410005;26-12-2015 11:00:00;10.1
410005;26-12-2015 12:00:00;12.7
410005;26-12-2015 13:00:00;15.6
410005;26-12-2015 14:00:00;17.2
410005;26-12-2015 15:00:00;18.0
410005;26-12-2015 16:00:00;19.7
410005;26-12-2015 17:00:00;20.0
410005;26-12-2015 18:00:00;21.3
410005;26-12-2015 19:00:00;21.7
410005;26-12-2015 20:00:00;18.8
410005;26-12-2015 21:00:00;19.7
410005;26-12-2015 22:00:00;19.2
410005;26-12-2015 23:00:00;18.1
410005;27-12-2015 00:00:00;17.1
410005;27-12-2015 01:00:00;15.2
410005;27-12-2015 02:00:00;14.6
410005;27-12-2015 03:00:00;14.4
410005;27-12-2015 04:00:00;13.7
410005;27-12-2015 05:00:00;13.5
410005;27-12-2015 06:00:00;13.3
410005;27-12-2015 07:00:00;13.0
410005;27-12-2015 08:00:00;13.3
410005;27-12-2015 09:00:00;13.4
410005;27-12-2015 10:00:00;13.6
410005;27-12-2015 11:00:00;14.5
410005;27-12-2015 12:00:00;16.3
410005;27-12-2015 13:00:00;18.2
410005;27-12-2015 14:00:00;19.4
410005;27-12-2015 15:00:00;21.0
410005;27-12-2015 16:00:00;21.5
410005;27-12-2015 17:00:00;22.8
410005;27-12-2015 18:00:00;22.6
410005;27-12-2015 19:00:00;22.1
410005;27-12-2015 20:00:00;22.6
410005;27-12-2015 21:00:00;22.3
410005;27-12-2015 22:00:00;21.4
410005;27-12-2015 23:00:00;20.8
410005;28-12-2015 00:00:00;19.7
410005;28-12-2015 01:00:00;18.5
410005;28-12-2015 02:00:00;17.5
410005;28-12-2015 03:00:00;17.4
410005;28-12-2015 04:00:00;17.7
410005;28-12-2015 05:00:00;16.9
410005;28-12-2015 06:00:00;16.3
410005;28-12-2015 07:00:00;15.6
410005;28-12-2015 08:00:00;15.7
410005;28-12-2015 09:00:00;15.7
410005;28-12-2015 10:00:00;15.7
410005;28-12-2015 11:00:00;16.5
410005;28-12-2015 12:00:00;17.4
410005;28-12-2015 13:00:00;18.7
410005;28-12-2015 14:00:00;18.5
410005;28-12-2015 15:00:00;19.7
410005;28-12-2015 16:00:00;21.1
410005;28-12-2015 17:00:00;21.3
410005;28-12-2015 18:00:00;21.8
410005;28-12-2015 19:00:00;21.1
410005;28-12-2015 20:00:00;21.5
410005;28-12-2015 21:00:00;21.1
410005;28-12-2015 22:00:00;18.9
410005;28-12-2015 23:00:00;18.4
410005;29-12-2015 00:00:00;17.2
410005;29-12-2015 01:00:00;16.6
410005;29-12-2015 02:00:00;16.0
410005;29-12-2015 03:00:00;15.4
410005;29-12-2015 04:00:00;14.8
410005;29-12-2015 05:00:00;14.0
410005;29-12-2015 06:00:00;13.5
410005;29-12-2015 07:00:00;12.3
410005;29-12-2015 08:00:00;11.4
410005;29-12-2015 09:00:00;11.0
410005;29-12-2015 10:00:00;11.8
410005;29-12-2015 11:00:00;14.5
410005;29-12-2015 12:00:00;16.5
410005;29-12-2015 13:00:00;18.5
410005;29-12-2015 14:00:00;20.0
410005;29-12-2015 15:00:00;20.7
410005;29-12-2015 16:00:00;20.0
410005;29-12-2015 17:00:00;21.0
410005;29-12-2015 18:00:00;21.0
410005;29-12-2015 19:00:00;21.4
410005;29-12-2015 20:00:00;21.8
410005;29-12-2015 21:00:00;22.4
410005;29-12-2015 22:00:00;21.5
410005;29-12-2015 23:00:00;19.4
410005;30-12-2015 00:00:00;17.9
410005;30-12-2015 01:00:00;15.9
410005;30-12-2015 02:00:00;14.6
410005;30-12-2015 03:00:00;13.7
410005;30-12-2015 04:00:00;13.0
410005;30-12-2015 05:00:00;12.6
410005;30-12-2015 06:00:00;12.0
410005;30-12-2015 07:00:00;11.3
410005;30-12-2015 08:00:00;10.7
410005;30-12-2015 09:00:00;9.7
410005;30-12-2015 10:00:00;9.9
410005;30-12-2015 11:00:00;10.6
410005;30-12-2015 12:00:00;13.3
410005;30-12-2015 13:00:00;16.7
410005;30-12-2015 14:00:00;18.5
410005;30-12-2015 15:00:00;18.6
410005;30-12-2015 16:00:00;19.1
410005;30-12-2015 17:00:00;19.8
410005;30-12-2015 18:00:00;20.4
410005;30-12-2015 19:00:00;20.9
410005;30-12-2015 20:00:00;20.7
410005;30-12-2015 21:00:00;20.4
410005;30-12-2015 22:00:00;19.9
410005;30-12-2015 23:00:00;18.7
410005;31-12-2015 00:00:00;17.5
410005;31-12-2015 01:00:00;15.1
410005;31-12-2015 02:00:00;13.1
410005;31-12-2015 03:00:00;12.2
410005;31-12-2015 04:00:00;10.5
410005;31-12-2015 05:00:00;10.7
410005;31-12-2015 06:00:00;9.6
410005;31-12-2015 07:00:00;8.2
410005;31-12-2015 08:00:00;8.5
410005;31-12-2015 09:00:00;8.5
410005;31-12-2015 10:00:00;8.2
410005;31-12-2015 11:00:00;9.5
410005;31-12-2015 12:00:00;14.0
410005;31-12-2015 13:00:00;15.9
410005;31-12-2015 14:00:00;16.8
410005;31-12-2015 15:00:00;18.3
410005;31-12-2015 16:00:00;19.3
410005;31-12-2015 17:00:00;20.2
410005;31-12-2015 18:00:00;20.7
410005;31-12-2015 19:00:00;20.6
410005;31-12-2015 20:00:00;21.8
410005;31-12-2015 21:00:00;20.5
410005;31-12-2015 22:00:00;20.4
410005;31-12-2015 23:00:00;19.1
